0 698
0 574
0 433
0 280
0 124
0 7
0 16
0 32
0 72
0 141
0 237
0 356
0 482
0 617
0 747
0 860
0 932
0 969
0 970
0 971
0 949
0 899
0 824
0 723
0 602
0 465
0 316
0 159
0 11
0 13
0 27
0 59
0 121
0 210
0 325
0 454
0 589
0 721
0 832
0 912
0 968
0 980
0 966
0 952
0 912
0 844
0 751
0 634
0 501
0 355
0 200
0 44
0 12
0 22
0 49
0 105
0 189
0 298
0 423
0 558
0 694
0 812
0 887
0 940
0 971
0 979
0 965
0 923
0 862
0 775
0 663
0 532
0 385
0 230
0 79
0 9
0 19
0 40
0 88
0 167
0 269
0 391
0 524
0 660
0 790
0 885
0 924
0 959
0 977
0 968
0 935
0 875
0 793
0 690
0 564
0 423
0 270
0 114
0 7
0 16
0 32
0 71
0 140
0 236
0 349
0 480
0 612
0 743
0 854
0 913
0 957
0 980
0 974
0 945
0 905
0 834
0 739
0 625
0 491
0 343
0 193
0 35
0 11
0 22
0 49
0 102
0 184
0 289
0 414
0 546
0 678
0 804
0 899
0 938
0 976
0 984
0 968
0 926
0 870
0 787
0 678
0 555
0 411
0 265
0 107
0 8
0 16
0 34
0 74
0 143
0 241
0 356
0 486
0 623
0 747
0 856
0 931
0 955
0 967
0 977
0 950
0 901
0 828
0 732
0 618
0 481
0 334
0 183
0 28
0 12
0 23
0 51
0 106
0 191
0 299
0 420
0 557
0 685
0 802
0 892
0 953
0 979
0 966
0 967
0 931
0 871
0 784
0 676
0 552
0 409
0 256
0 103
0 8
0 17
0 34
0 75
0 146
0 240
0 358
0 489
0 622
0 752
0 849
0 917
0 971
0 980
0 962
0 942
0 901
0 826
0 732
0 614
0 479
0 336
0 180
0 25
0 11
0 23
0 50
0 106
0 191
0 297
0 422
0 552
0 688
0 809
0 884
0 936
0 966
0 978
0 963
0 926
0 866
0 782
0 678
0 549
0 407
0 259
0 102
0 8
0 17
0 35
0 75
0 146
0 240
0 359
0 491
0 622
0 753
0 860
0 937
0 976
0 969
0 968
0 950
0 895
