210 47
214 52
218 54
223 57
227 63
231 68
235 71
240 75
245 80
249 84
253 88
257 94
262 97
267 100
270 105
275 110
279 114
283 119
288 124
292 127
297 132
301 135
305 139
310 144
314 148
319 154
323 158
327 164
332 167
336 170
341 176
345 179
350 183
354 188
358 193
363 197
367 202
371 207
376 211
381 216
385 220
389 224
394 229
399 232
403 237
407 242
412 246
417 250
421 255
425 259
429 264
434 269
439 273
443 276
448 282
452 287
456 290
461 295
466 300
470 305
474 309
479 313
484 318
488 323
493 325
497 331
501 336
507 340
511 345
515 349
520 354
524 358
529 362
533 368
538 373
542 376
546 380
551 385
556 389
560 396
565 401
570 404
574 407
578 413
583 416
587 420
592 426
596 431
601 433
605 440
610 443
614 447
619 455
623 458
628 462
633 464
637 469
641 473
646 479
650 484
655 487
659 494
664 496
668 501
673 508
677 511
682 515
686 516
690 523
695 528
699 530
703 538
708 541
712 545
717 549
721 554
725 559
730 563
734 568
738 571
742 574
747 580
751 585
755 588
760 594
764 597
769 603
774 606
777 611
781 617
786 620
790 623
795 629
799 632
803 635
807 642
812 644
816 649
820 652
824 657
828 663
833 665
835 668
