209 15
213 16
217 16
221 16
225 16
229 16
234 16
238 16
242 17
246 17
249 18
254 17
258 17
262 18
266 18
271 18
275 19
279 19
283 19
287 19
291 19
297 20
300 20
304 19
308 19
312 20
317 20
321 21
325 21
329 21
334 22
338 22
342 22
346 22
351 22
354 23
359 22
363 23
367 24
373 23
375 24
380 24
384 25
388 25
393 25
397 26
401 26
405 27
410 27
415 27
418 28
422 28
427 29
432 29
436 29
440 31
444 31
448 32
453 33
457 33
461 34
466 35
471 37
475 39
479 41
483 43
487 45
492 49
497 53
501 57
506 62
510 67
515 69
520 74
524 80
528 84
533 88
537 93
542 96
546 101
551 106
555 110
560 116
564 119
568 124
573 127
578 132
582 137
587 140
591 146
596 151
601 155
605 159
609 163
613 169
619 172
623 176
627 182
632 185
636 189
641 195
645 199
649 203
654 209
658 211
663 216
667 220
672 225
676 230
680 232
685 238
689 241
694 247
698 251
703 255
707 260
711 263
716 268
720 272
724 278
729 282
733 285
737 289
742 293
746 298
750 303
754 308
759 311
763 315
767 320
772 324
776 328
781 333
784 337
789 341
793 346
797 350
801 354
806 358
810 362
815 364
819 370
819 369
