205 6
207 7
209 6
211 7
213 7
216 7
218 7
220 6
222 8
224 7
227 7
229 7
231 7
233 7
235 7
238 8
240 7
242 8
244 7
246 7
248 7
250 7
253 7
255 8
257 8
259 7
261 8
264 8
265 8
268 8
270 8
272 8
275 8
277 8
279 8
281 8
284 9
286 8
289 8
290 8
292 9
295 8
297 9
299 8
302 8
304 8
306 8
308 9
310 8
312 8
315 9
317 9
319 10
322 9
324 10
326 9
328 9
330 9
333 9
335 10
337 8
340 10
342 9
343 9
346 9
348 10
350 9
353 9
355 10
357 10
359 10
362 10
364 10
367 9
369 10
371 10
373 10
375 10
378 9
380 10
383 9
384 10
387 10
389 10
391 10
393 11
396 10
399 10
399 11
403 10
405 10
407 10
409 10
412 10
414 10
416 10
418 11
421 11
423 11
425 10
428 11
430 11
432 11
434 12
437 11
439 10
442 11
443 11
446 11
448 11
450 11
452 11
455 11
457 12
460 12
462 11
464 11
467 11
468 11
471 11
473 11
475 12
477 11
480 12
483 12
484 11
487 12
489 11
491 12
494 11
496 12
498 12
501 12
503 12
505 12
508 12
510 11
512 12
514 11
517 12
519 12
521 12
524 13
526 12
528 12
530 12
532 12
535 12
537 13
539 13
541 12
544 12
547 12
548 13
551 13
553 13
555 13
558 12
560 13
562 12
565 13
567 13
569 13
572 13
574 13
576 13
578 13
580 13
583 13
585 13
588 13
589 13
592 13
594 13
596 14
599 13
601 14
603 14
605 13
607 14
610 13
612 14
615 14
617 14
619 13
621 14
623 14
626 14
628 14
631 14
633 14
635 14
637 14
639 14
642 13
644 14
646 13
648 14
651 14
653 14
655 14
657 14
659 15
662 13
664 15
667 14
668 15
671 14
673 14
675 14
677 15
680 15
683 14
684 15
687 15
688 14
690 15
693 15
695 15
697 14
700 14
702 15
704 15
707 15
708 15
711 15
713 15
715 15
718 15
719 15
722 16
724 15
726 15
729 15
730 15
733 15
735 15
737 15
740 16
742 16
744 15
745 15
748 15
750 15
752 15
754 15
757 16
759 16
761 16
763 16
765 15
768 16
770 15
772 16
774 16
777 16
