209 16
213 15
217 16
221 16
225 17
230 17
234 17
238 17
241 18
245 18
250 18
254 18
258 18
262 18
266 19
271 19
275 18
279 19
283 19
287 20
291 20
296 20
300 21
304 20
308 21
313 21
317 21
321 22
325 22
329 22
334 23
338 22
342 24
346 23
350 23
355 24
359 24
363 24
367 24
371 25
376 25
380 26
384 26
389 26
393 27
398 28
401 28
406 28
410 29
415 29
419 30
423 31
427 31
431 31
436 33
440 34
444 35
449 36
453 37
457 40
462 43
466 46
471 48
475 51
480 56
484 60
488 66
493 69
498 73
502 78
507 82
511 86
516 91
521 96
525 100
529 104
534 108
539 113
543 119
547 124
552 126
556 130
561 135
565 139
570 146
575 149
579 153
583 157
587 161
592 167
597 171
601 176
606 180
610 184
614 188
619 192
624 197
629 202
632 207
637 211
641 215
646 219
651 223
655 228
659 233
664 237
668 241
672 245
676 250
682 256
686 259
690 263
694 268
699 272
703 276
708 280
712 286
716 290
721 293
725 298
729 301
734 308
738 311
742 315
747 320
752 323
755 330
760 332
764 338
769 343
772 345
777 350
782 352
784 358
791 362
794 366
798 371
802 374
807 378
811 383
815 387
820 392
820 391
