538 186
542 191
547 194
551 201
555 204
560 209
565 213
569 218
573 224
578 227
583 232
587 235
592 240
596 244
600 248
605 254
609 258
614 260
618 266
623 272
627 278
632 281
636 285
640 288
646 293
650 297
654 301
658 306
663 312
667 316
672 320
676 324
680 327
685 334
690 338
694 342
698 344
703 349
706 354
712 359
716 365
720 367
724 374
728 376
733 380
737 383
742 390
746 393
750 396
755 403
759 407
764 411
768 415
772 421
777 423
781 427
785 435
790 434
794 439
798 446
802 449
806 453
811 458
815 463
820 465
823 470
824 471
