209 14
215 14
221 15
226 15
232 15
238 16
243 16
249 16
255 16
261 17
266 17
272 17
278 17
283 18
289 18
295 18
302 18
307 19
312 19
319 19
324 19
330 20
336 20
342 20
347 20
353 21
359 21
365 22
371 22
377 21
383 23
389 23
394 23
401 23
406 23
412 24
418 23
424 24
430 25
436 25
442 26
448 26
454 27
460 27
466 28
471 29
478 29
483 30
490 30
495 31
501 33
507 33
514 34
520 36
525 39
532 41
538 44
544 49
550 53
556 58
563 66
569 73
575 78
582 83
587 88
594 96
599 102
607 108
613 114
618 120
624 126
631 132
637 138
643 145
649 151
655 156
661 162
667 168
674 174
680 182
686 187
692 192
698 200
704 203
710 211
716 217
723 223
728 229
735 235
740 239
747 247
752 250
758 259
764 263
770 270
777 275
782 282
788 289
794 294
800 299
806 303
811 310
817 318
814 314
