209 12
213 12
217 13
221 13
224 13
230 13
233 13
237 14
241 14
245 14
250 14
254 14
258 14
262 15
266 14
271 15
274 15
279 15
283 14
287 15
291 15
295 15
299 16
304 15
308 16
312 16
316 16
320 16
325 16
329 17
334 16
337 17
342 18
346 17
350 17
354 17
359 17
363 17
367 18
371 18
376 17
380 18
385 18
388 18
392 18
397 18
401 19
405 18
410 19
414 19
418 19
423 20
427 20
431 20
435 20
440 20
444 20
448 20
452 20
456 21
461 20
465 22
469 20
474 22
479 21
482 21
487 22
491 22
495 22
500 21
503 22
508 23
513 23
517 23
522 23
526 23
530 24
534 23
538 24
543 24
547 24
551 25
556 25
560 25
564 25
569 25
573 25
576 25
581 26
586 26
590 27
594 27
598 27
602 27
607 28
611 28
615 28
619 29
624 30
628 30
632 29
637 30
641 31
645 31
650 32
654 32
658 33
662 33
666 34
670 34
675 35
679 36
683 37
688 40
692 40
696 42
701 43
705 46
709 49
713 53
718 57
722 60
726 63
731 68
735 72
739 75
744 81
748 85
752 90
757 94
760 97
766 103
769 107
773 110
778 114
782 118
787 122
791 127
795 131
799 135
803 139
809 143
808 143
