209 16
213 17
217 16
221 17
225 17
229 17
234 18
238 17
242 18
245 18
250 18
254 18
258 19
262 19
266 19
271 19
275 19
279 20
283 20
287 20
291 20
297 21
300 21
304 21
308 21
313 21
316 21
321 22
325 23
329 23
334 23
338 23
342 23
347 24
350 24
355 24
359 24
363 25
367 25
371 26
376 26
380 26
384 27
389 26
393 28
397 28
401 29
406 30
410 30
415 31
419 31
423 32
427 34
432 34
435 35
441 37
445 38
449 41
453 43
458 47
462 49
467 52
471 57
476 61
480 67
485 72
489 75
494 79
498 83
503 88
508 93
512 97
516 101
520 105
525 110
531 114
535 120
539 124
543 129
548 132
552 136
557 141
562 146
566 151
571 154
574 159
579 162
584 167
588 172
593 178
597 182
601 186
606 190
611 193
615 199
620 205
624 208
628 212
633 216
638 221
642 224
647 229
651 235
655 239
659 242
664 247
669 251
674 256
677 261
682 266
686 268
690 273
695 279
700 282
704 287
708 291
713 295
718 299
721 304
725 309
730 314
734 318
739 321
743 325
747 330
751 334
756 338
761 344
764 347
769 351
773 355
777 360
782 365
786 369
790 372
794 375
800 381
803 386
807 390
812 394
815 397
820 402
820 401
