209 6
219 7
226 7
234 7
241 7
249 8
258 8
266 8
274 8
282 8
291 9
299 8
307 9
315 9
324 9
331 9
340 10
348 10
356 9
365 9
373 10
381 10
390 11
398 10
406 11
414 11
423 11
431 11
440 11
448 11
456 11
465 11
473 11
482 12
490 11
498 12
507 12
515 12
524 12
533 12
540 12
549 13
557 13
567 13
574 12
582 13
591 13
599 13
608 13
616 14
624 14
633 14
640 14
649 14
657 14
665 14
674 14
682 15
690 15
698 15
707 15
715 15
723 15
730 15
739 16
746 15
755 15
762 15
771 16
779 16
787 16
795 16
803 16
798 16
