74 71
77 73
81 77
85 79
89 81
93 84
96 85
100 87
103 87
108 90
111 90
114 92
118 93
122 94
125 94
129 96
132 96
135 97
138 97
143 98
145 99
149 99
153 100
156 100
159 101
164 101
166 102
170 102
173 102
177 103
180 103
182 103
188 104
189 104
193 105
197 105
200 105
203 106
207 105
210 106
213 106
216 106
221 107
224 108
226 107
231 108
234 108
237 108
240 108
244 109
247 109
250 109
255 110
257 109
260 109
265 110
267 110
270 111
274 110
277 110
280 111
284 111
288 110
290 112
293 111
298 111
301 112
303 112
308 111
311 112
314 112
317 113
321 113
324 113
326 113
331 113
334 113
337 113
341 114
344 114
346 114
351 115
355 114
357 115
360 115
365 115
367 115
370 115
375 115
377 116
380 115
384 116
387 116
390 116
394 116
398 116
400 117
403 116
408 116
411 116
413 116
417 116
422 117
424 117
427 117
432 118
434 117
437 117
441 118
444 117
446 118
451 118
455 118
457 118
461 118
465 118
467 118
470 118
474 119
478 118
480 119
484 118
489 119
490 118
494 119
498 119
500 119
503 119
508 120
511 120
512 119
518 119
521 119
523 120
527 120
531 120
533 120
537 120
541 120
544 120
546 120
551 120
554 120
556 121
560 121
564 121
567 120
570 121
575 121
577 121
580 121
583 121
588 121
589 121
594 122
597 122
600 122
603 121
607 122
610 122
613 121
617 121
621 122
623 122
626 122
631 122
633 122
637 122
640 123
644 122
646 122
650 122
653 123
655 122
660 123
663 122
666 123
669 122
674 123
677 123
680 123
683 123
687 123
688 123
693 123
696 123
699 124
702 124
706 124
710 124
712 123
717 124
720 123
722 124
726 124
730 123
732 124
736 124
739 124
743 124
746 124
750 124
753 124
756 124
759 124
762 124
766 124
769 124
773 125
776 124
779 125
783 125
786 125
789 125
793 125
795 124
798 125
802 125
805 126
809 126
812 125
816 125
818 125
822 125
825 125
829 125
832 126
836 125
838 126
842 126
845 126
849 126
852 126
855 126
