
2.0000	20.0000E-3
0.0	20.0000E-3
2.0000	22.00000E-3
2.0000	20.0000E-3
2.0000	22.00000E-3
2.0000	22.00000E-3
2.0000	22.00000E-3
2.0000	22.00000E-3
2.0000	22.00000E-3
0.0	24.00000E-3
2.0000	22.00000E-3
2.0000	22.00000E-3
4.00000	24.00000E-3
2.0000	24.00000E-3
2.0000	22.00000E-3
2.0000	24.00000E-3
2.0000	24.00000E-3
2.0000	24.00000E-3
2.0000	24.00000E-3
2.0000	24.00000E-3
2.0000	24.00000E-3
2.0000	24.00000E-3
2.0000	22.00000E-3
2.0000	24.00000E-3
2.0000	22.00000E-3
2.0000	24.00000E-3
2.0000	24.00000E-3
4.00000	22.00000E-3
2.0000	24.00000E-3
2.0000	22.00000E-3
4.00000	22.00000E-3
4.00000	22.00000E-3
2.0000	22.00000E-3
2.0000	24.00000E-3
2.0000	22.00000E-3
2.0000	22.00000E-3
4.00000	22.00000E-3
2.0000	22.00000E-3
4.00000	22.00000E-3
2.0000	24.00000E-3
4.00000	22.00000E-3
4.00000	22.00000E-3
2.0000	22.00000E-3
4.00000	24.00000E-3
4.00000	22.00000E-3
4.00000	24.00000E-3
4.00000	22.00000E-3
4.00000	26.00000E-3
4.00000	24.00000E-3
4.00000	22.00000E-3
4.00000	22.00000E-3
4.00000	22.00000E-3
4.00000	22.00000E-3
4.00000	22.00000E-3
4.00000	22.00000E-3
4.00000	22.00000E-3
4.00000	22.00000E-3
4.00000	22.00000E-3
4.00000	22.00000E-3
4.00000	22.00000E-3
4.00000	24.00000E-3
4.00000	24.00000E-3
4.00000	22.00000E-3
4.00000	22.00000E-3
4.00000	22.00000E-3
4.00000	20.0000E-3
4.00000	22.00000E-3
4.00000	24.00000E-3
4.00000	22.00000E-3
4.00000	22.00000E-3
4.00000	22.00000E-3
4.00000	22.00000E-3
4.00000	22.00000E-3
4.00000	24.00000E-3
4.00000	22.00000E-3
4.00000	22.00000E-3
4.00000	22.00000E-3
4.00000	22.00000E-3
4.00000	22.00000E-3
4.00000	22.00000E-3
4.00000	22.00000E-3
4.00000	24.00000E-3
4.00000	22.00000E-3
4.00000	22.00000E-3
4.00000	24.00000E-3
4.00000	22.00000E-3
4.00000	24.00000E-3
6.00000	26.00000E-3
4.00000	24.00000E-3
4.00000	28.00000E-3
4.00000	26.00000E-3
4.00000	30.00000E-3
6.00000	30.00000E-3
6.00000	30.00000E-3
4.00000	30.00000E-3
4.00000	30.00000E-3
6.00000	34.00000E-3
6.00000	32.00000E-3
6.00000	34.00000E-3
6.00000	34.00000E-3
6.00000	34.00000E-3
6.00000	34.00000E-3
6.00000	38.00000E-3
6.00000	38.00000E-3
6.00000	40.00000E-3
6.00000	38.00000E-3
4.00000	38.00000E-3
6.00000	38.00000E-3
6.00000	42.00000E-3
4.00000	38.00000E-3
6.00000	40.00000E-3
6.00000	44.00000E-3
6.00000	44.00000E-3
6.00000	42.00000E-3
6.00000	44.00000E-3
6.00000	46.00000E-3
6.00000	44.00000E-3
6.00000	46.00000E-3
6.00000	46.00000E-3
6.00000	46.00000E-3
8.000000	46.00000E-3
6.00000	48.00000E-3
6.00000	48.00000E-3
6.00000	48.00000E-3
6.00000	48.00000E-3
6.00000	48.00000E-3
6.00000	50.00000E-3
6.00000	50.00000E-3
8.000000	50.00000E-3
6.00000	52.00000E-3
8.000000	52.00000E-3
6.00000	52.00000E-3
6.00000	52.00000E-3
8.000000	52.00000E-3
8.000000	56.000002E-3
8.000000	52.00000E-3
8.000000	52.00000E-3
8.000000	54.00000E-3
8.000000	52.00000E-3
8.000000	54.00000E-3
8.000000	54.00000E-3
6.00000	54.00000E-3
8.000000	56.000002E-3
8.000000	56.000002E-3
8.000000	56.000002E-3
8.000000	56.000002E-3
6.00000	58.000002E-3
6.00000	56.000002E-3
8.000000	56.000002E-3
8.000000	58.000002E-3
8.000000	58.000002E-3
6.00000	58.000002E-3
8.000000	60.000002E-3
8.000000	60.000002E-3
8.000000	58.000002E-3
8.000000	58.000002E-3
8.000000	58.000002E-3
8.000000	60.000002E-3
8.000000	58.000002E-3
8.000000	60.000002E-3
8.000000	56.000002E-3
8.000000	56.000002E-3
8.000000	60.000002E-3
8.000000	58.000002E-3
8.000000	58.000002E-3
8.000000	58.000002E-3
8.000000	58.000002E-3
8.000000	58.000002E-3
8.000000	58.000002E-3
8.000000	60.000002E-3
8.000000	58.000002E-3
8.000000	58.000002E-3
8.000000	60.000002E-3
8.000000	60.000002E-3
8.000000	62.000003E-3
8.000000	58.000002E-3
8.000000	62.000003E-3
8.000000	60.000002E-3
8.000000	60.000002E-3
8.000000	62.000003E-3
8.000000	62.000003E-3
8.000000	64.000003E-3
8.000000	62.000003E-3
8.000000	62.000003E-3
8.000000	62.000003E-3
8.000000	64.000003E-3
10.0000	62.000003E-3
8.000000	64.000003E-3
8.000000	64.000003E-3
8.000000	64.000003E-3
8.000000	62.000003E-3
10.0000	66.000000E-3
10.0000	64.000003E-3
10.0000	64.000003E-3
8.000000	64.000003E-3
8.000000	64.000003E-3
10.0000	64.000003E-3
10.0000	64.000003E-3
8.000000	64.000003E-3
10.0000	64.000003E-3
10.0000	66.000000E-3
8.000000	66.000000E-3
8.000000	66.000000E-3
10.0000	64.000003E-3
10.0000	68.000004E-3
10.0000	64.000003E-3
10.0000	68.000004E-3
10.0000	68.000004E-3
10.0000	66.000000E-3
10.0000	66.000000E-3
10.0000	68.000004E-3
10.0000	70.000000E-3
10.0000	68.000004E-3
10.0000	70.000000E-3
10.0000	70.000000E-3
10.0000	68.000004E-3
10.0000	68.000004E-3
10.0000	66.000000E-3
10.0000	68.000004E-3
10.0000	70.000000E-3
10.0000	68.000004E-3
10.0000	72.000004E-3
10.0000	70.000000E-3
10.0000	68.000004E-3
10.0000	70.000000E-3
10.0000	70.000000E-3
10.0000	72.000004E-3
10.0000	70.000000E-3
10.0000	70.000000E-3
10.0000	70.000000E-3
10.0000	72.000004E-3
10.0000	72.000004E-3
10.0000	70.000000E-3
10.0000	72.000004E-3
12.0000	72.000004E-3
10.0000	70.000000E-3
10.0000	72.000004E-3
10.0000	74.000001E-3
12.0000	72.000004E-3
10.0000	72.000004E-3
10.0000	72.000004E-3
12.0000	72.000004E-3
12.0000	72.000004E-3
10.0000	72.000004E-3
12.0000	74.000001E-3
12.0000	72.000004E-3
12.0000	74.000001E-3
10.0000	72.000004E-3
12.0000	72.000004E-3
12.0000	74.000001E-3
12.0000	76.000005E-3
12.0000	76.000005E-3
10.0000	74.000001E-3
12.0000	74.000001E-3
12.0000	74.000001E-3
12.0000	76.000005E-3
12.0000	74.000001E-3
12.0000	74.000001E-3
12.0000	74.000001E-3
12.0000	74.000001E-3
12.0000	72.000004E-3
12.0000	74.000001E-3
12.0000	72.000004E-3
12.0000	78.000002E-3
12.0000	76.000005E-3
12.0000	78.000002E-3
12.0000	74.000001E-3
12.0000	78.000002E-3
12.0000	74.000001E-3
12.0000	78.000002E-3
12.0000	76.000005E-3
12.0000	74.000001E-3
12.0000	76.000005E-3
12.0000	76.000005E-3
12.0000	76.000005E-3
12.0000	78.000002E-3
12.0000	76.000005E-3
12.0000	78.000002E-3
12.0000	76.000005E-3
12.0000	78.000002E-3
12.0000	78.000002E-3
14.0000	76.000005E-3
14.0000	78.000002E-3
14.0000	78.000002E-3
12.0000	78.000002E-3
14.0000	80.000006E-3
12.0000	78.000002E-3
12.0000	80.000006E-3
14.0000	78.000002E-3
12.0000	78.000002E-3
14.0000	78.000002E-3
12.0000	78.000002E-3
14.0000	76.000005E-3
14.0000	76.000005E-3
14.0000	78.000002E-3
14.0000	76.000005E-3
14.0000	78.000002E-3
12.0000	80.000006E-3
14.0000	80.000006E-3
14.0000	80.000006E-3
12.0000	80.000006E-3
14.0000	80.000006E-3
14.0000	80.000006E-3
14.0000	80.000006E-3
12.0000	78.000002E-3
14.0000	80.000006E-3
14.0000	80.000006E-3
14.0000	80.000006E-3
14.0000	82.000002E-3
14.0000	82.000002E-3
14.0000	80.000006E-3
14.0000	82.000002E-3
14.0000	80.000006E-3
14.0000	80.000006E-3
14.0000	82.000002E-3
14.0000	82.000002E-3
14.0000	82.000002E-3
14.0000	80.000006E-3
14.0000	82.000002E-3
14.0000	82.000002E-3
14.0000	84.000006E-3
14.0000	84.000006E-3
14.0000	82.000002E-3
14.0000	82.000002E-3
14.0000	82.000002E-3
14.0000	82.000002E-3
14.0000	80.000006E-3
14.0000	82.000002E-3
14.0000	80.000006E-3
14.0000	82.000002E-3
14.0000	84.000006E-3
14.0000	82.000002E-3
14.0000	84.000006E-3
14.0000	82.000002E-3
14.0000	84.000006E-3
14.0000	84.000006E-3
14.0000	86.000003E-3
14.0000	86.000003E-3
16.0000	84.000006E-3
16.0000	88.000007E-3
16.0000	86.000003E-3
14.0000	82.000002E-3
16.0000	84.000006E-3
16.0000	84.000006E-3
14.0000	82.000002E-3
14.0000	82.000002E-3
16.0000	86.000003E-3
14.0000	84.000006E-3
16.0000	84.000006E-3
16.0000	84.000006E-3
14.0000	84.000006E-3
16.0000	86.000003E-3
16.0000	86.000003E-3
16.0000	88.000007E-3
14.0000	86.000003E-3
16.0000	86.000003E-3
16.0000	88.000007E-3
14.0000	86.000003E-3
16.0000	88.000007E-3
16.0000	86.000003E-3
16.0000	84.000006E-3
16.0000	86.000003E-3
16.0000	86.000003E-3
16.0000	88.000007E-3
14.0000	90.000004E-3
16.0000	88.000007E-3
16.0000	88.000007E-3
16.0000	88.000007E-3
16.0000	90.000004E-3
16.0000	88.000007E-3
16.0000	88.000007E-3
16.0000	88.000007E-3
16.0000	88.000007E-3
16.0000	86.000003E-3
16.0000	90.000004E-3
16.0000	88.000007E-3
16.0000	90.000004E-3
16.0000	88.000007E-3
18.0000	90.000004E-3
16.0000	88.000007E-3
16.0000	90.000004E-3
16.0000	88.000007E-3
16.0000	90.000004E-3
18.0000	90.000004E-3
16.0000	92.000008E-3
16.0000	90.000004E-3
18.0000	90.000004E-3
18.0000	88.000007E-3
18.0000	90.000004E-3
18.0000	90.000004E-3
18.0000	90.000004E-3
18.0000	90.000004E-3
16.0000	88.000007E-3
18.0000	88.000007E-3
18.0000	90.000004E-3
16.0000	88.000007E-3
18.0000	90.000004E-3
16.0000	90.000004E-3
18.0000	90.000004E-3
18.0000	90.000004E-3
18.0000	90.000004E-3
18.0000	92.000008E-3
18.0000	92.000008E-3
18.0000	90.000004E-3
20.0000	88.000007E-3
18.0000	90.000004E-3
18.0000	90.000004E-3
18.0000	90.000004E-3
18.0000	90.000004E-3
18.0000	90.000004E-3
18.0000	92.000008E-3
18.0000	90.000004E-3
18.0000	90.000004E-3
20.0000	90.000004E-3
18.0000	90.000004E-3
18.0000	90.000004E-3
18.0000	90.000004E-3
18.0000	90.000004E-3
18.0000	92.000008E-3
18.0000	90.000004E-3
18.0000	92.000008E-3
20.0000	92.000008E-3
18.0000	90.000004E-3
18.0000	90.000004E-3
18.0000	90.000004E-3
20.0000	92.000008E-3
18.0000	92.000008E-3
20.0000	90.000004E-3
18.0000	90.000004E-3
18.0000	92.000008E-3
20.0000	90.000004E-3
18.0000	92.000008E-3
18.0000	94.000004E-3
18.0000	92.000008E-3
18.0000	92.000008E-3
18.0000	92.000008E-3
18.0000	94.000004E-3
20.0000	94.000004E-3
20.0000	92.000008E-3
18.0000	92.000008E-3
20.0000	92.000008E-3
20.0000	92.000008E-3
20.0000	92.000008E-3
20.0000	92.000008E-3
20.0000	92.000008E-3
20.0000	92.000008E-3
20.0000	96.000001E-3
20.0000	90.000004E-3
20.0000	92.000008E-3
20.0000	90.000004E-3
20.0000	92.000008E-3
20.0000	92.000008E-3
20.0000	90.000004E-3
20.0000	88.000007E-3
20.0000	90.000004E-3
20.0000	90.000004E-3
20.0000	90.000004E-3
20.0000	90.000004E-3
20.0000	86.000003E-3
20.0000	84.000006E-3
20.0000	86.000003E-3
18.0000	86.000003E-3
20.0000	84.000006E-3
20.0000	84.000006E-3
22.00000	84.000006E-3
20.0000	82.000002E-3
20.0000	82.000002E-3
20.0000	84.000006E-3
20.0000	84.000006E-3
20.0000	84.000006E-3
20.0000	82.000002E-3
20.0000	82.000002E-3
20.0000	82.000002E-3
20.0000	78.000002E-3
20.0000	80.000006E-3
20.0000	78.000002E-3
20.0000	78.000002E-3
20.0000	76.000005E-3
20.0000	78.000002E-3
20.0000	76.000005E-3
20.0000	74.000001E-3
20.0000	72.000004E-3
20.0000	72.000004E-3
20.0000	74.000001E-3
20.0000	72.000004E-3
22.00000	72.000004E-3
22.00000	72.000004E-3
20.0000	72.000004E-3
22.00000	70.000000E-3
20.0000	66.000000E-3
22.00000	66.000000E-3
20.0000	66.000000E-3
22.00000	64.000003E-3
22.00000	66.000000E-3
20.0000	64.000003E-3
22.00000	62.000003E-3
22.00000	62.000003E-3
22.00000	62.000003E-3
22.00000	62.000003E-3
22.00000	60.000002E-3
22.00000	60.000002E-3
20.0000	60.000002E-3
22.00000	58.000002E-3
22.00000	58.000002E-3
22.00000	58.000002E-3
22.00000	56.000002E-3
22.00000	60.000002E-3
22.00000	58.000002E-3
22.00000	58.000002E-3
22.00000	56.000002E-3
22.00000	60.000002E-3
22.00000	60.000002E-3
22.00000	60.000002E-3
22.00000	58.000002E-3
22.00000	60.000002E-3
22.00000	58.000002E-3
22.00000	56.000002E-3
22.00000	60.000002E-3
22.00000	60.000002E-3
24.00000	60.000002E-3
22.00000	62.000003E-3
22.00000	62.000003E-3
22.00000	64.000003E-3
24.00000	64.000003E-3
22.00000	64.000003E-3
22.00000	66.000000E-3
22.00000	68.000004E-3
22.00000	66.000000E-3
22.00000	66.000000E-3
22.00000	72.000004E-3
22.00000	64.000003E-3
22.00000	68.000004E-3
22.00000	70.000000E-3
24.00000	70.000000E-3
22.00000	70.000000E-3
24.00000	72.000004E-3
24.00000	72.000004E-3
24.00000	72.000004E-3
24.00000	72.000004E-3
24.00000	72.000004E-3
24.00000	74.000001E-3
22.00000	72.000004E-3
24.00000	74.000001E-3
24.00000	74.000001E-3
24.00000	74.000001E-3
24.00000	78.000002E-3
24.00000	76.000005E-3
24.00000	76.000005E-3
24.00000	76.000005E-3
24.00000	78.000002E-3
24.00000	76.000005E-3
24.00000	80.000006E-3
24.00000	78.000002E-3
24.00000	80.000006E-3
24.00000	80.000006E-3
24.00000	80.000006E-3
24.00000	82.000002E-3
24.00000	82.000002E-3
24.00000	80.000006E-3
24.00000	82.000002E-3
24.00000	84.000006E-3
24.00000	84.000006E-3
24.00000	84.000006E-3
24.00000	86.000003E-3
24.00000	86.000003E-3
24.00000	88.000007E-3
24.00000	88.000007E-3
24.00000	90.000004E-3
24.00000	90.000004E-3
24.00000	90.000004E-3
24.00000	92.000008E-3
24.00000	90.000004E-3
24.00000	90.000004E-3
24.00000	90.000004E-3
24.00000	90.000004E-3
24.00000	90.000004E-3
24.00000	92.000008E-3
26.00000	92.000008E-3
24.00000	92.000008E-3
26.00000	94.000004E-3
24.00000	94.000004E-3
24.00000	94.000004E-3
24.00000	94.000004E-3
24.00000	94.000004E-3
24.00000	96.000001E-3
24.00000	94.000004E-3
24.00000	94.000004E-3
26.00000	96.000001E-3
26.00000	98.000005E-3
24.00000	94.000004E-3
26.00000	96.000001E-3
26.00000	98.000005E-3
26.00000	96.000001E-3
26.00000	98.000005E-3
24.00000	98.000005E-3
24.00000	98.000005E-3
26.00000	100.0000E-3
24.00000	98.000005E-3
26.00000	98.000005E-3
26.00000	100.0000E-3
26.00000	98.000005E-3
26.00000	102.0000E-3
24.00000	102.0000E-3
24.00000	102.0000E-3
26.00000	102.0000E-3
26.00000	102.0000E-3
26.00000	100.0000E-3
26.00000	102.0000E-3
26.00000	104.0000E-3
26.00000	104.0000E-3
26.00000	104.0000E-3
26.00000	104.0000E-3
26.00000	106.0000E-3
26.00000	106.0000E-3
26.00000	102.0000E-3
26.00000	108.0000E-3
26.00000	108.0000E-3
26.00000	108.0000E-3
26.00000	106.0000E-3
26.00000	108.0000E-3
26.00000	106.0000E-3
26.00000	106.0000E-3
26.00000	108.0000E-3
26.00000	106.0000E-3
26.00000	108.0000E-3
26.00000	108.0000E-3
26.00000	108.0000E-3
26.00000	110.0000E-3
26.00000	112.0000E-3
26.00000	112.0000E-3
26.00000	110.0000E-3
26.00000	112.0000E-3
26.00000	112.0000E-3
26.00000	108.0000E-3
26.00000	110.0000E-3
26.00000	112.0000E-3
26.00000	114.0000E-3
26.00000	112.0000E-3
28.00000	112.0000E-3
26.00000	114.0000E-3
28.00000	114.0000E-3
28.00000	112.0000E-3
28.00000	112.0000E-3
26.00000	116.0000E-3
26.00000	116.0000E-3
28.00000	116.0000E-3
28.00000	116.0000E-3
28.00000	116.0000E-3
28.00000	116.0000E-3
28.00000	114.0000E-3
28.00000	114.0000E-3
28.00000	120.0000E-3
28.00000	118.0000E-3
28.00000	118.0000E-3
28.00000	116.0000E-3
28.00000	118.0000E-3
28.00000	120.0000E-3
28.00000	120.0000E-3
28.00000	120.0000E-3
28.00000	120.0000E-3
28.00000	124.0000E-3
28.00000	122.0000E-3
28.00000	120.0000E-3
28.00000	122.0000E-3
28.00000	120.0000E-3
28.00000	122.0000E-3
28.00000	124.0000E-3
28.00000	124.0000E-3
28.00000	124.0000E-3
28.00000	124.0000E-3
28.00000	122.0000E-3
28.00000	126.0000E-3
28.00000	124.0000E-3
28.00000	126.0000E-3
28.00000	126.0000E-3
28.00000	126.0000E-3
28.00000	128.0000E-3
28.00000	128.0000E-3
28.00000	128.0000E-3
28.00000	128.0000E-3
28.00000	126.0000E-3
28.00000	128.0000E-3
30.00000	128.0000E-3
28.00000	128.0000E-3
30.00000	130.0000E-3
30.00000	130.0000E-3
30.00000	130.0000E-3
28.00000	130.0000E-3
30.00000	128.0000E-3
28.00000	132.0000E-3
30.00000	128.0000E-3
28.00000	130.0000E-3
30.00000	130.0000E-3
30.00000	132.0000E-3
30.00000	132.0000E-3
28.00000	132.0000E-3
30.00000	134.0000E-3
30.00000	134.0000E-3
30.00000	134.0000E-3
30.00000	134.0000E-3
30.00000	134.0000E-3
30.00000	134.0000E-3
30.00000	134.0000E-3
30.00000	134.0000E-3
30.00000	134.0000E-3
30.00000	134.0000E-3
30.00000	134.0000E-3
30.00000	136.0000E-3
30.00000	134.0000E-3
30.00000	134.0000E-3
30.00000	134.0000E-3
30.00000	136.0000E-3
30.00000	136.0000E-3
30.00000	136.0000E-3
30.00000	138.0000E-3
30.00000	138.0000E-3
30.00000	138.0000E-3
30.00000	136.0000E-3
30.00000	140.0000E-3
30.00000	140.0000E-3
30.00000	142.0000E-3
30.00000	140.0000E-3
30.00000	140.0000E-3
30.00000	142.0000E-3
30.00000	142.0000E-3
30.00000	138.0000E-3
30.00000	140.0000E-3
30.00000	138.0000E-3
32.00000	138.0000E-3
32.00000	138.0000E-3
30.00000	142.0000E-3
32.00000	142.0000E-3
30.00000	142.0000E-3
30.00000	142.0000E-3
32.00000	142.0000E-3
30.00000	144.0000E-3
30.00000	142.0000E-3
30.00000	142.0000E-3
32.00000	144.0000E-3
32.00000	144.0000E-3
32.00000	144.0000E-3
32.00000	144.0000E-3
32.00000	144.0000E-3
32.00000	146.0000E-3
32.00000	146.0000E-3
32.00000	144.0000E-3
32.00000	144.0000E-3
32.00000	146.0000E-3
32.00000	146.0000E-3
32.00000	144.0000E-3
32.00000	146.0000E-3
32.00000	146.0000E-3
32.00000	146.0000E-3
32.00000	146.0000E-3
32.00000	148.0000E-3
32.00000	146.0000E-3
32.00000	146.0000E-3
32.00000	146.0000E-3
32.00000	148.0000E-3
32.00000	148.0000E-3
32.00000	148.0000E-3
32.00000	150.00001E-3
32.00000	148.0000E-3
32.00000	148.0000E-3
32.00000	148.0000E-3
32.00000	150.00001E-3
32.00000	150.00001E-3
32.00000	148.0000E-3
32.00000	150.00001E-3
32.00000	150.00001E-3
32.00000	148.0000E-3
32.00000	150.00001E-3
32.00000	152.00001E-3
32.00000	148.0000E-3
32.00000	148.0000E-3
34.00000	150.00001E-3
32.00000	150.00001E-3
32.00000	150.00001E-3
34.00000	152.00001E-3
32.00000	152.00001E-3
34.00000	152.00001E-3
32.00000	152.00001E-3
34.00000	152.00001E-3
34.00000	150.00001E-3
34.00000	152.00001E-3
34.00000	152.00001E-3
32.00000	152.00001E-3
34.00000	152.00001E-3
34.00000	152.00001E-3
34.00000	152.00001E-3
32.00000	154.00001E-3
34.00000	154.00001E-3
32.00000	154.00001E-3
32.00000	154.00001E-3
34.00000	154.00001E-3
34.00000	156.00000E-3
34.00000	158.00001E-3
34.00000	158.00001E-3
34.00000	160.00001E-3
32.00000	158.00001E-3
34.00000	162.00000E-3
34.00000	158.00001E-3
34.00000	162.00000E-3
34.00000	162.00000E-3
34.00000	160.00001E-3
34.00000	158.00001E-3
34.00000	162.00000E-3
34.00000	160.00001E-3
34.00000	158.00001E-3
34.00000	162.00000E-3
34.00000	162.00000E-3
34.00000	166.00001E-3
34.00000	160.00001E-3
34.00000	160.00001E-3
36.00000	162.00000E-3
34.00000	158.00001E-3
34.00000	160.00001E-3
34.00000	162.00000E-3
34.00000	164.00000E-3
34.00000	162.00000E-3
36.00000	164.00000E-3
34.00000	164.00000E-3
36.00000	164.00000E-3
34.00000	164.00000E-3
34.00000	160.00001E-3
34.00000	160.00001E-3
36.00000	162.00000E-3
34.00000	164.00000E-3
36.00000	166.00001E-3
36.00000	166.00001E-3
36.00000	166.00001E-3
34.00000	164.00000E-3
36.00000	164.00000E-3
34.00000	166.00001E-3
36.00000	164.00000E-3
36.00000	164.00000E-3
36.00000	164.00000E-3
36.00000	164.00000E-3
36.00000	164.00000E-3
36.00000	166.00001E-3
36.00000	166.00001E-3
36.00000	164.00000E-3
36.00000	166.00001E-3
36.00000	166.00001E-3
36.00000	166.00001E-3
36.00000	166.00001E-3
36.00000	168.00001E-3
36.00000	166.00001E-3
36.00000	168.00001E-3
36.00000	168.00001E-3
36.00000	166.00001E-3
36.00000	170.00000E-3
36.00000	168.00001E-3
36.00000	168.00001E-3
36.00000	166.00001E-3
36.00000	168.00001E-3
36.00000	168.00001E-3
36.00000	168.00001E-3
36.00000	166.00001E-3
36.00000	166.00001E-3
36.00000	166.00001E-3
36.00000	166.00001E-3
36.00000	166.00001E-3
36.00000	168.00001E-3
36.00000	168.00001E-3
36.00000	168.00001E-3
36.00000	170.00000E-3
36.00000	172.00001E-3
36.00000	168.00001E-3
36.00000	166.00001E-3
36.00000	170.00000E-3
36.00000	170.00000E-3
36.00000	168.00001E-3
36.00000	168.00001E-3
36.00000	168.00001E-3
36.00000	168.00001E-3
36.00000	166.00001E-3
38.00000	168.00001E-3
36.00000	166.00001E-3
38.00000	166.00001E-3
38.00000	168.00001E-3
38.00000	164.00000E-3
36.00000	168.00001E-3
36.00000	166.00001E-3
36.00000	164.00000E-3
36.00000	162.00000E-3
38.00000	166.00001E-3
38.00000	164.00000E-3
36.00000	162.00000E-3
38.00000	164.00000E-3
38.00000	164.00000E-3
38.00000	162.00000E-3
38.00000	160.00001E-3
38.00000	160.00001E-3
38.00000	160.00001E-3
38.00000	158.00001E-3
38.00000	160.00001E-3
38.00000	158.00001E-3
38.00000	160.00001E-3
38.00000	156.00000E-3
38.00000	158.00001E-3
38.00000	158.00001E-3
38.00000	158.00001E-3
38.00000	156.00000E-3
36.00000	158.00001E-3
38.00000	156.00000E-3
38.00000	156.00000E-3
38.00000	154.00001E-3
38.00000	156.00000E-3
38.00000	152.00001E-3
38.00000	156.00000E-3
38.00000	150.00001E-3
38.00000	150.00001E-3
38.00000	154.00001E-3
38.00000	152.00001E-3
40.00000	150.00001E-3
40.00000	150.00001E-3
38.00000	150.00001E-3
40.00000	150.00001E-3
38.00000	148.0000E-3
40.00000	146.0000E-3
38.00000	148.0000E-3
40.00000	148.0000E-3
40.00000	148.0000E-3
38.00000	148.0000E-3
40.00000	146.0000E-3
38.00000	144.0000E-3
38.00000	148.0000E-3
38.00000	144.0000E-3
40.00000	144.0000E-3
40.00000	142.0000E-3
38.00000	144.0000E-3
40.00000	144.0000E-3
40.00000	142.0000E-3
38.00000	144.0000E-3
38.00000	146.0000E-3
40.00000	144.0000E-3
40.00000	142.0000E-3
40.00000	144.0000E-3
40.00000	144.0000E-3
40.00000	144.0000E-3
40.00000	144.0000E-3
40.00000	144.0000E-3
40.00000	144.0000E-3
40.00000	146.0000E-3
40.00000	146.0000E-3
40.00000	146.0000E-3
40.00000	146.0000E-3
40.00000	148.0000E-3
40.00000	146.0000E-3
40.00000	144.0000E-3
40.00000	146.0000E-3
40.00000	146.0000E-3
40.00000	146.0000E-3
40.00000	144.0000E-3
40.00000	144.0000E-3
40.00000	146.0000E-3
40.00000	146.0000E-3
40.00000	144.0000E-3
40.00000	148.0000E-3
40.00000	146.0000E-3
40.00000	148.0000E-3
40.00000	148.0000E-3
40.00000	146.0000E-3
40.00000	150.00001E-3
40.00000	150.00001E-3
40.00000	148.0000E-3
40.00000	150.00001E-3
40.00000	148.0000E-3
40.00000	150.00001E-3
42.00000	152.00001E-3
40.00000	150.00001E-3
40.00000	150.00001E-3
40.00000	152.00001E-3
40.00000	152.00001E-3
42.00000	148.0000E-3
40.00000	152.00001E-3
40.00000	150.00001E-3
40.00000	152.00001E-3
40.00000	152.00001E-3
40.00000	152.00001E-3
40.00000	152.00001E-3
40.00000	152.00001E-3
42.00000	154.00001E-3
42.00000	152.00001E-3
42.00000	152.00001E-3
42.00000	152.00001E-3
40.00000	152.00001E-3
42.00000	152.00001E-3
42.00000	154.00001E-3
42.00000	156.00000E-3
40.00000	156.00000E-3
42.00000	158.00001E-3
40.00000	158.00001E-3
42.00000	156.00000E-3
42.00000	156.00000E-3
42.00000	158.00001E-3
42.00000	156.00000E-3
42.00000	160.00001E-3
42.00000	160.00001E-3
42.00000	158.00001E-3
42.00000	158.00001E-3
42.00000	160.00001E-3
42.00000	158.00001E-3
42.00000	162.00000E-3
42.00000	162.00000E-3
42.00000	158.00001E-3
42.00000	164.00000E-3
42.00000	162.00000E-3
42.00000	162.00000E-3
42.00000	162.00000E-3
42.00000	160.00001E-3
42.00000	162.00000E-3
42.00000	164.00000E-3
42.00000	164.00000E-3
42.00000	164.00000E-3
42.00000	164.00000E-3
42.00000	164.00000E-3
42.00000	164.00000E-3
42.00000	162.00000E-3
44.00000	162.00000E-3
44.00000	164.00000E-3
42.00000	164.00000E-3
42.00000	164.00000E-3
42.00000	166.00001E-3
42.00000	166.00001E-3
44.00000	166.00001E-3
44.00000	166.00001E-3
44.00000	168.00001E-3
44.00000	166.00001E-3
42.00000	166.00001E-3
42.00000	168.00001E-3
42.00000	166.00001E-3
44.00000	166.00001E-3
44.00000	168.00001E-3
44.00000	168.00001E-3
44.00000	168.00001E-3
44.00000	168.00001E-3
44.00000	170.00000E-3
42.00000	172.00001E-3
44.00000	168.00001E-3
44.00000	172.00001E-3
44.00000	172.00001E-3
44.00000	170.00000E-3
44.00000	170.00000E-3
44.00000	174.00001E-3
44.00000	172.00001E-3
44.00000	172.00001E-3
44.00000	174.00001E-3
44.00000	172.00001E-3
44.00000	176.00001E-3
44.00000	174.00001E-3
44.00000	176.00001E-3
44.00000	176.00001E-3
44.00000	176.00001E-3
44.00000	176.00001E-3
44.00000	178.00000E-3
44.00000	180.00001E-3
44.00000	180.00001E-3
44.00000	182.00001E-3
44.00000	182.00001E-3
44.00000	180.00001E-3
44.00000	180.00001E-3
44.00000	180.00001E-3
44.00000	182.00001E-3
44.00000	184.00002E-3
44.00000	182.00001E-3
44.00000	182.00001E-3
44.00000	182.00001E-3
44.00000	180.00001E-3
44.00000	182.00001E-3
44.00000	182.00001E-3
44.00000	182.00001E-3
44.00000	184.00002E-3
44.00000	184.00002E-3
44.00000	184.00002E-3
44.00000	188.00001E-3
46.00000	186.00000E-3
46.00000	186.00000E-3
46.00000	186.00000E-3
44.00000	188.00001E-3
46.00000	188.00001E-3
44.00000	188.00001E-3
46.00000	186.00000E-3
46.00000	186.00000E-3
46.00000	188.00001E-3
44.00000	190.00001E-3
46.00000	190.00001E-3
46.00000	190.00001E-3
44.00000	194.00001E-3
46.00000	192.00000E-3
44.00000	194.00001E-3
46.00000	194.00001E-3
46.00000	194.00001E-3
46.00000	194.00001E-3
46.00000	196.00001E-3
46.00000	194.00001E-3
46.00000	196.00001E-3
46.00000	196.00001E-3
46.00000	196.00001E-3
46.00000	198.00001E-3
46.00000	198.00001E-3
46.00000	200.00000E-3
46.00000	200.00000E-3
46.00000	202.00001E-3
46.00000	202.00001E-3
46.00000	202.00001E-3
46.00000	202.00001E-3
46.00000	202.00001E-3
46.00000	204.00001E-3
46.00000	202.00001E-3
46.00000	204.00001E-3
46.00000	204.00001E-3
46.00000	206.00002E-3
46.00000	206.00002E-3
46.00000	206.00002E-3
46.00000	206.00002E-3
46.00000	208.00000E-3
46.00000	210.00001E-3
46.00000	208.00000E-3
46.00000	210.00001E-3
46.00000	212.00001E-3
46.00000	208.00000E-3
46.00000	212.00001E-3
46.00000	212.00001E-3
46.00000	210.00001E-3
48.00000	214.00002E-3
46.00000	214.00002E-3
48.00000	212.00001E-3
46.00000	212.00001E-3
46.00000	214.00002E-3
48.00000	216.00001E-3
48.00000	218.00001E-3
48.00000	218.00001E-3
46.00000	218.00001E-3
46.00000	218.00001E-3
46.00000	218.00001E-3
48.00000	220.00001E-3
46.00000	220.00001E-3
46.00000	220.00001E-3
48.00000	220.00001E-3
48.00000	222.00002E-3
48.00000	222.00002E-3
48.00000	228.00002E-3
46.00000	222.00002E-3
48.00000	222.00002E-3
48.00000	224.00001E-3
48.00000	224.00001E-3
48.00000	228.00002E-3
48.00000	228.00002E-3
48.00000	230.00000E-3
48.00000	228.00002E-3
48.00000	230.00000E-3
48.00000	230.00000E-3
46.00000	232.00001E-3
46.00000	232.00001E-3
48.00000	232.00001E-3
48.00000	236.00002E-3
48.00000	234.00001E-3
48.00000	234.00001E-3
48.00000	236.00002E-3
48.00000	236.00002E-3
48.00000	236.00002E-3
48.00000	238.00001E-3
46.00000	236.00002E-3
48.00000	238.00001E-3
48.00000	240.00001E-3
48.00000	240.00001E-3
48.00000	240.00001E-3
50.00000	242.00001E-3
48.00000	240.00001E-3
48.00000	242.00001E-3
48.00000	244.00002E-3
48.00000	244.00002E-3
48.00000	246.00001E-3
48.00000	248.00001E-3
48.00000	244.00002E-3
48.00000	248.00001E-3
48.00000	248.00001E-3
48.00000	248.00001E-3
48.00000	250.00000E-3
50.00000	252.00000E-3
48.00000	252.00000E-3
48.00000	252.00000E-3
50.00000	250.00000E-3
50.00000	252.00000E-3
48.00000	254.00001E-3
50.00000	252.00000E-3
50.00000	254.00001E-3
50.00000	256.00001E-3
50.00000	256.00001E-3
50.00000	254.00001E-3
50.00000	254.00001E-3
48.00000	258.00002E-3
50.00000	258.00002E-3
50.00000	260.00002E-3
50.00000	260.00002E-3
50.00000	262.00002E-3
50.00000	262.00002E-3
50.00000	264.00000E-3
50.00000	264.00000E-3
50.00000	264.00000E-3
50.00000	264.00000E-3
50.00000	266.00000E-3
50.00000	266.00000E-3
50.00000	268.00001E-3
50.00000	270.00001E-3
50.00000	268.00001E-3
50.00000	270.00001E-3
50.00000	270.00001E-3
50.00000	272.00001E-3
50.00000	272.00001E-3
50.00000	272.00001E-3
50.00000	274.00002E-3
50.00000	272.00001E-3
50.00000	276.00002E-3
50.00000	276.00002E-3
50.00000	278.00003E-3
50.00000	278.00003E-3
50.00000	278.00003E-3
50.00000	280.00000E-3
50.00000	280.00000E-3
50.00000	280.00000E-3
52.00000	284.00001E-3
50.00000	282.00001E-3
50.00000	282.00001E-3
50.00000	282.00001E-3
50.00000	286.00001E-3
50.00000	286.00001E-3
50.00000	286.00001E-3
50.00000	286.00001E-3
50.00000	286.00001E-3
50.00000	292.00003E-3
50.00000	290.00002E-3
50.00000	290.00002E-3
50.00000	292.00003E-3
50.00000	292.00003E-3
52.00000	292.00003E-3
52.00000	296.00000E-3
50.00000	296.00000E-3
50.00000	296.00000E-3
50.00000	296.00000E-3
52.00000	298.00001E-3
50.00000	300.00001E-3
52.00000	300.00001E-3
52.00000	300.00001E-3
52.00000	302.00002E-3
52.00000	302.00002E-3
52.00000	304.00002E-3
52.00000	304.00002E-3
52.00000	306.00002E-3
52.00000	306.00002E-3
52.00000	308.00003E-3
52.00000	306.00002E-3
52.00000	308.00003E-3
52.00000	310.00000E-3
52.00000	312.00001E-3
52.00000	308.00003E-3
52.00000	312.00001E-3
52.00000	312.00001E-3
52.00000	312.00001E-3
52.00000	314.00001E-3
52.00000	314.00001E-3
52.00000	316.00001E-3
52.00000	318.00002E-3
52.00000	320.00002E-3
52.00000	318.00002E-3
52.00000	322.00003E-3
52.00000	322.00003E-3
52.00000	322.00003E-3
52.00000	324.00000E-3
52.00000	324.00000E-3
54.00000	326.00001E-3
52.00000	326.00001E-3
54.00000	326.00001E-3
54.00000	328.00001E-3
52.00000	328.00001E-3
52.00000	332.00002E-3
54.00000	330.00001E-3
54.00000	332.00002E-3
52.00000	332.00002E-3
54.00000	334.00002E-3
54.00000	332.00002E-3
54.00000	334.00002E-3
54.00000	334.00002E-3
54.00000	334.00002E-3
52.00000	336.00003E-3
54.00000	340.00000E-3
54.00000	340.00000E-3
52.00000	340.00000E-3
54.00000	342.00001E-3
54.00000	344.00001E-3
54.00000	340.00000E-3
54.00000	342.00001E-3
54.00000	342.00001E-3
54.00000	346.00002E-3
54.00000	346.00002E-3
54.00000	348.00002E-3
54.00000	348.00002E-3
54.00000	348.00002E-3
54.00000	348.00002E-3
54.00000	350.00002E-3
54.00000	350.00002E-3
54.00000	350.00002E-3
54.00000	350.00002E-3
54.00000	350.00002E-3
54.00000	348.00002E-3
54.00000	354.00000E-3
54.00000	354.00000E-3
54.00000	354.00000E-3
54.00000	352.00003E-3
54.00000	354.00000E-3
54.00000	354.00000E-3
54.00000	356.00001E-3
54.00000	354.00000E-3
56.000000	356.00001E-3
54.00000	356.00001E-3
56.000000	356.00001E-3
54.00000	354.00000E-3
56.000000	358.00001E-3
54.00000	354.00000E-3
56.000000	352.00003E-3
54.00000	358.00001E-3
54.00000	358.00001E-3
56.000000	356.00001E-3
56.000000	358.00001E-3
56.000000	358.00001E-3
56.000000	356.00001E-3
56.000000	360.00001E-3
56.000000	358.00001E-3
56.000000	360.00001E-3
56.000000	356.00001E-3
56.000000	360.00001E-3
56.000000	360.00001E-3
56.000000	362.00002E-3
56.000000	360.00001E-3
56.000000	362.00002E-3
56.000000	360.00001E-3
56.000000	362.00002E-3
56.000000	364.00002E-3
56.000000	362.00002E-3
56.000000	362.00002E-3
56.000000	364.00002E-3
56.000000	364.00002E-3
56.000000	364.00002E-3
56.000000	364.00002E-3
56.000000	366.00003E-3
56.000000	364.00002E-3
56.000000	368.00003E-3
56.000000	362.00002E-3
56.000000	364.00002E-3
56.000000	368.00003E-3
56.000000	368.00003E-3
56.000000	364.00002E-3
56.000000	364.00002E-3
56.000000	366.00003E-3
56.000000	366.00003E-3
56.000000	366.00003E-3
56.000000	366.00003E-3
56.000000	368.00003E-3
56.000000	370.00000E-3
56.000000	370.00000E-3
56.000000	370.00000E-3
56.000000	368.00003E-3
56.000000	372.00001E-3
56.000000	372.00001E-3
56.000000	376.00002E-3
56.000000	374.00001E-3
56.000000	372.00001E-3
56.000000	374.00001E-3
56.000000	374.00001E-3
56.000000	376.00002E-3
58.000000	376.00002E-3
56.000000	380.00003E-3
56.000000	378.00002E-3
56.000000	380.00003E-3
56.000000	378.00002E-3
56.000000	380.00003E-3
58.000000	382.00003E-3
58.000000	380.00003E-3
56.000000	380.00003E-3
58.000000	382.00003E-3
56.000000	386.00001E-3
58.000000	386.00001E-3
56.000000	384.00000E-3
58.000000	386.00001E-3
58.000000	384.00000E-3
58.000000	386.00001E-3
56.000000	388.00001E-3
58.000000	386.00001E-3
58.000000	388.00001E-3
58.000000	390.00002E-3
58.000000	390.00002E-3
58.000000	388.00001E-3
58.000000	390.00002E-3
58.000000	390.00002E-3
58.000000	392.00002E-3
58.000000	392.00002E-3
58.000000	390.00002E-3
58.000000	390.00002E-3
58.000000	390.00002E-3
58.000000	392.00002E-3
58.000000	390.00002E-3
58.000000	392.00002E-3
58.000000	392.00002E-3
58.000000	392.00002E-3
58.000000	394.00002E-3
58.000000	396.00003E-3
58.000000	398.00003E-3
58.000000	398.00003E-3
58.000000	398.00003E-3
58.000000	398.00003E-3
60.000000	396.00003E-3
58.000000	396.00003E-3
58.000000	398.00003E-3
58.000000	400.00001E-3
58.000000	400.00001E-3
60.000000	402.00001E-3
60.000000	402.00001E-3
60.000000	404.000014E-3
60.000000	402.00001E-3
58.000000	404.000014E-3
58.000000	406.000018E-3
58.000000	408.000022E-3
58.000000	406.000018E-3
58.000000	406.000018E-3
58.000000	410.000026E-3
58.000000	412.000030E-3
60.000000	410.000026E-3
60.000000	410.000026E-3
60.000000	414.000034E-3
58.000000	412.000030E-3
60.000000	416.000009E-3
60.000000	412.000030E-3
60.000000	416.000009E-3
60.000000	416.000009E-3
60.000000	414.000034E-3
58.000000	416.000009E-3
60.000000	416.000009E-3
60.000000	420.000017E-3
60.000000	416.000009E-3
60.000000	418.000013E-3
60.000000	418.000013E-3
60.000000	420.000017E-3
60.000000	420.000017E-3
60.000000	422.000021E-3
60.000000	422.000021E-3
60.000000	424.000025E-3
60.000000	424.000025E-3
60.000000	424.000025E-3
60.000000	424.000025E-3
60.000000	424.000025E-3
60.000000	428.000033E-3
60.000000	428.000033E-3
60.000000	428.000033E-3
60.000000	426.000029E-3
60.000000	428.000033E-3
60.000000	428.000033E-3
60.000000	432.000011E-3
60.000000	430.000007E-3
60.000000	432.000011E-3
60.000000	430.000007E-3
60.000000	432.000011E-3
60.000000	434.000015E-3
60.000000	434.000015E-3
60.000000	436.000019E-3
60.000000	438.000023E-3
60.000000	440.000027E-3
60.000000	442.000031E-3
60.000000	440.000027E-3
60.000000	444.000036E-3
60.000000	448.000014E-3
62.000000	446.000010E-3
60.000000	446.000010E-3
60.000000	446.000010E-3
62.000000	448.000014E-3
60.000000	450.000018E-3
60.000000	450.000018E-3
60.000000	450.000018E-3
60.000000	452.000022E-3
60.000000	452.000022E-3
60.000000	452.000022E-3
62.000000	452.000022E-3
62.000000	454.000026E-3
60.000000	454.000026E-3
62.000000	456.000030E-3
60.000000	456.000030E-3
60.000000	458.000034E-3
60.000000	458.000034E-3
60.000000	460.000008E-3
60.000000	462.000012E-3
60.000000	462.000012E-3
60.000000	460.000008E-3
60.000000	462.000012E-3
60.000000	462.000012E-3
60.000000	462.000012E-3
60.000000	462.000012E-3
60.000000	462.000012E-3
62.000000	462.000012E-3
60.000000	462.000012E-3
62.000000	462.000012E-3
62.000000	462.000012E-3
62.000000	462.000012E-3
60.000000	462.000012E-3
60.000000	462.000012E-3
62.000000	462.000012E-3
62.000000	462.000012E-3
62.000000	462.000012E-3
60.000000	462.000012E-3
62.000000	462.000012E-3
62.000000	462.000012E-3
62.000000	462.000012E-3
62.000000	462.000012E-3
62.000000	462.000012E-3
62.000000	462.000012E-3
62.000000	462.000012E-3
62.000000	462.000012E-3
62.000000	462.000012E-3
62.000000	462.000012E-3
62.000000	462.000012E-3
62.000000	462.000012E-3
62.000000	462.000012E-3
62.000000	462.000012E-3
62.000000	462.000012E-3
62.000000	462.000012E-3
62.000000	462.000012E-3
62.000000	462.000012E-3
62.000000	462.000012E-3
64.000000	462.000012E-3
62.000000	462.000012E-3
62.000000	462.000012E-3
62.000000	462.000012E-3
62.000000	462.000012E-3
62.000000	462.000012E-3
62.000000	462.000012E-3
62.000000	462.000012E-3
62.000000	462.000012E-3
62.000000	462.000012E-3
64.000000	462.000012E-3
64.000000	462.000012E-3
62.000000	462.000012E-3
64.000000	462.000012E-3
64.000000	462.000012E-3
64.000000	462.000012E-3
62.000000	462.000012E-3
64.000000	462.000012E-3
64.000000	462.000012E-3
64.000000	462.000012E-3
64.000000	462.000012E-3
64.000000	462.000012E-3
64.000000	462.000012E-3
64.000000	462.000012E-3
64.000000	462.000012E-3
64.000000	462.000012E-3
64.000000	462.000012E-3
64.000000	462.000012E-3
64.000000	462.000012E-3
64.000000	462.000012E-3
64.000000	462.000012E-3
64.000000	462.000012E-3
64.000000	462.000012E-3
64.000000	462.000012E-3
64.000000	462.000012E-3
64.000000	462.000012E-3
64.000000	462.000012E-3
64.000000	462.000012E-3
64.000000	462.000012E-3
64.000000	462.000012E-3
64.000000	462.000012E-3
64.000000	462.000012E-3
66.000000	462.000012E-3
64.000000	462.000012E-3
64.000000	462.000012E-3
64.000000	462.000012E-3
64.000000	462.000012E-3
64.000000	462.000012E-3
64.000000	462.000012E-3
64.000000	462.000012E-3
64.000000	462.000012E-3
66.000000	462.000012E-3
66.000000	462.000012E-3
64.000000	462.000012E-3
66.000000	462.000012E-3
64.000000	462.000012E-3
66.000000	462.000012E-3
66.000000	462.000012E-3
66.000000	462.000012E-3
66.000000	462.000012E-3
66.000000	462.000012E-3
66.000000	462.000012E-3
66.000000	462.000012E-3
66.000000	462.000012E-3
66.000000	462.000012E-3
64.000000	462.000012E-3
66.000000	462.000012E-3
66.000000	462.000012E-3
64.000000	462.000012E-3
66.000000	462.000012E-3
66.000000	462.000012E-3
66.000000	462.000012E-3
66.000000	462.000012E-3
66.000000	462.000012E-3
66.000000	462.000012E-3
66.000000	462.000012E-3
66.000000	462.000012E-3
66.000000	462.000012E-3
66.000000	462.000012E-3
66.000000	462.000012E-3
66.000000	462.000012E-3
66.000000	462.000012E-3
66.000000	462.000012E-3
66.000000	462.000012E-3
66.000000	462.000012E-3
66.000000	462.000012E-3
66.000000	462.000012E-3
66.000000	462.000012E-3
66.000000	462.000012E-3
66.000000	462.000012E-3
68.000000	462.000012E-3
66.000000	462.000012E-3
66.000000	462.000012E-3
68.000000	462.000012E-3
66.000000	462.000012E-3
66.000000	462.000012E-3
66.000000	462.000012E-3
66.000000	462.000012E-3
66.000000	462.000012E-3
66.000000	462.000012E-3
66.000000	462.000012E-3
66.000000	462.000012E-3
66.000000	462.000012E-3
68.000000	462.000012E-3
66.000000	462.000012E-3
66.000000	462.000012E-3
68.000000	462.000012E-3
68.000000	462.000012E-3
68.000000	462.000012E-3
68.000000	462.000012E-3
68.000000	462.000012E-3
68.000000	462.000012E-3
68.000000	462.000012E-3
68.000000	462.000012E-3
68.000000	462.000012E-3
68.000000	462.000012E-3
68.000000	462.000012E-3
68.000000	462.000012E-3
68.000000	462.000012E-3
68.000000	462.000012E-3
68.000000	462.000012E-3
68.000000	462.000012E-3
68.000000	462.000012E-3
68.000000	462.000012E-3
68.000000	462.000012E-3
68.000000	462.000012E-3
68.000000	462.000012E-3
68.000000	462.000012E-3
68.000000	462.000012E-3
68.000000	462.000012E-3
68.000000	462.000012E-3
70.000000	462.000012E-3
68.000000	462.000012E-3
68.000000	462.000012E-3
68.000000	462.000012E-3
68.000000	462.000012E-3
68.000000	462.000012E-3
68.000000	462.000012E-3
68.000000	462.000012E-3
68.000000	462.000012E-3
68.000000	462.000012E-3
70.000000	462.000012E-3
70.000000	462.000012E-3
70.000000	462.000012E-3
70.000000	462.000012E-3
70.000000	462.000012E-3
70.000000	462.000012E-3
70.000000	462.000012E-3
68.000000	462.000012E-3
70.000000	462.000012E-3
70.000000	462.000012E-3
70.000000	462.000012E-3
70.000000	462.000012E-3
70.000000	462.000012E-3
70.000000	462.000012E-3
70.000000	462.000012E-3
70.000000	462.000012E-3
70.000000	462.000012E-3
70.000000	462.000012E-3
70.000000	462.000012E-3
70.000000	462.000012E-3
70.000000	462.000012E-3
70.000000	462.000012E-3
70.000000	462.000012E-3
70.000000	462.000012E-3
70.000000	462.000012E-3
70.000000	462.000012E-3
70.000000	462.000012E-3
70.000000	462.000012E-3
70.000000	462.000012E-3
70.000000	462.000012E-3
70.000000	462.000012E-3
70.000000	462.000012E-3
70.000000	462.000012E-3
70.000000	462.000012E-3
70.000000	462.000012E-3
70.000000	462.000012E-3
70.000000	462.000012E-3
70.000000	462.000012E-3
70.000000	462.000012E-3
70.000000	462.000012E-3
70.000000	462.000012E-3
70.000000	462.000012E-3
70.000000	462.000012E-3
70.000000	462.000012E-3
72.000000	462.000012E-3
70.000000	462.000012E-3
70.000000	462.000012E-3
70.000000	462.000012E-3
70.000000	462.000012E-3
70.000000	462.000012E-3
70.000000	462.000012E-3
70.000000	462.000012E-3
70.000000	462.000012E-3
72.000000	462.000012E-3
70.000000	462.000012E-3
72.000000	462.000012E-3
72.000000	462.000012E-3
72.000000	462.000012E-3
72.000000	462.000012E-3
72.000000	462.000012E-3
72.000000	462.000012E-3
72.000000	462.000012E-3
72.000000	462.000012E-3
72.000000	462.000012E-3
72.000000	462.000012E-3
72.000000	462.000012E-3
70.000000	462.000012E-3
72.000000	462.000012E-3
72.000000	462.000012E-3
72.000000	462.000012E-3
72.000000	462.000012E-3
72.000000	462.000012E-3
72.000000	462.000012E-3
72.000000	462.000012E-3
72.000000	462.000012E-3
72.000000	462.000012E-3
72.000000	462.000012E-3
74.000000	462.000012E-3
72.000000	462.000012E-3
72.000000	462.000012E-3
74.000000	462.000012E-3
72.000000	462.000012E-3
74.000000	462.000012E-3
72.000000	462.000012E-3
72.000000	462.000012E-3
72.000000	462.000012E-3
74.000000	462.000012E-3
72.000000	462.000012E-3
72.000000	462.000012E-3
74.000000	462.000012E-3
74.000000	462.000012E-3
72.000000	462.000012E-3
72.000000	462.000012E-3
72.000000	462.000012E-3
72.000000	462.000012E-3
74.000000	462.000012E-3
74.000000	462.000012E-3
72.000000	462.000012E-3
74.000000	462.000012E-3
74.000000	462.000012E-3
74.000000	462.000012E-3
74.000000	462.000012E-3
74.000000	462.000012E-3
74.000000	462.000012E-3
74.000000	462.000012E-3
74.000000	462.000012E-3
74.000000	462.000012E-3
74.000000	462.000012E-3
74.000000	462.000012E-3
74.000000	462.000012E-3
74.000000	462.000012E-3
74.000000	462.000012E-3
74.000000	462.000012E-3
74.000000	462.000012E-3
74.000000	462.000012E-3
74.000000	462.000012E-3
74.000000	462.000012E-3
74.000000	462.000012E-3
74.000000	462.000012E-3
76.000000	462.000012E-3
74.000000	462.000012E-3
74.000000	462.000012E-3
76.000000	462.000012E-3
74.000000	462.000012E-3
74.000000	462.000012E-3
74.000000	462.000012E-3
74.000000	462.000012E-3
74.000000	462.000012E-3
74.000000	462.000012E-3
74.000000	462.000012E-3
74.000000	462.000012E-3
74.000000	462.000012E-3
74.000000	462.000012E-3
76.000000	462.000012E-3
74.000000	462.000012E-3
76.000000	462.000012E-3
76.000000	462.000012E-3
76.000000	462.000012E-3
76.000000	462.000012E-3
76.000000	462.000012E-3
76.000000	462.000012E-3
74.000000	462.000012E-3
76.000000	462.000012E-3
76.000000	462.000012E-3
76.000000	462.000012E-3
76.000000	462.000012E-3
76.000000	462.000012E-3
76.000000	462.000012E-3
76.000000	462.000012E-3
74.000000	462.000012E-3
76.000000	462.000012E-3
76.000000	462.000012E-3
76.000000	462.000012E-3
76.000000	462.000012E-3
76.000000	462.000012E-3
76.000000	462.000012E-3
76.000000	462.000012E-3
76.000000	462.000012E-3
76.000000	462.000012E-3
76.000000	462.000012E-3
76.000000	462.000012E-3
76.000000	462.000012E-3
76.000000	462.000012E-3
76.000000	462.000012E-3
76.000000	462.000012E-3
76.000000	462.000012E-3
76.000000	462.000012E-3
76.000000	462.000012E-3
76.000000	462.000012E-3
76.000000	462.000012E-3
76.000000	462.000012E-3
76.000000	462.000012E-3
76.000000	462.000012E-3
76.000000	462.000012E-3
76.000000	462.000012E-3
76.000000	462.000012E-3
76.000000	462.000012E-3
76.000000	462.000012E-3
76.000000	462.000012E-3
76.000000	462.000012E-3
78.000000	462.000012E-3
78.000000	462.000012E-3
76.000000	462.000012E-3
76.000000	462.000012E-3
78.000000	462.000012E-3
76.000000	462.000012E-3
78.000000	462.000012E-3
78.000000	462.000012E-3
78.000000	462.000012E-3
76.000000	462.000012E-3
78.000000	462.000012E-3
78.000000	462.000012E-3
78.000000	462.000012E-3
76.000000	462.000012E-3
76.000000	462.000012E-3
78.000000	462.000012E-3
78.000000	462.000012E-3
76.000000	462.000012E-3
78.000000	462.000012E-3
78.000000	462.000012E-3
76.000000	462.000012E-3
78.000000	462.000012E-3
78.000000	462.000012E-3
78.000000	462.000012E-3
78.000000	462.000012E-3
78.000000	462.000012E-3
76.000000	462.000012E-3
78.000000	462.000012E-3
78.000000	462.000012E-3
78.000000	462.000012E-3
78.000000	462.000012E-3
78.000000	462.000012E-3
78.000000	462.000012E-3
78.000000	462.000012E-3
78.000000	462.000012E-3
78.000000	462.000012E-3
78.000000	462.000012E-3
78.000000	462.000012E-3
78.000000	462.000012E-3
78.000000	462.000012E-3
78.000000	462.000012E-3
78.000000	462.000012E-3
78.000000	462.000012E-3
78.000000	462.000012E-3
78.000000	462.000012E-3
78.000000	462.000012E-3
78.000000	462.000012E-3
78.000000	462.000012E-3
78.000000	462.000012E-3
78.000000	462.000012E-3
78.000000	462.000012E-3
78.000000	462.000012E-3
78.000000	462.000012E-3
78.000000	462.000012E-3
78.000000	462.000012E-3
80.000000	462.000012E-3
78.000000	462.000012E-3
78.000000	462.000012E-3
78.000000	462.000012E-3
80.000000	462.000012E-3
78.000000	462.000012E-3
78.000000	462.000012E-3
80.000000	462.000012E-3
80.000000	462.000012E-3
80.000000	462.000012E-3
80.000000	462.000012E-3
78.000000	462.000012E-3
80.000000	462.000012E-3
80.000000	462.000012E-3
80.000000	462.000012E-3
80.000000	462.000012E-3
80.000000	462.000012E-3
80.000000	462.000012E-3
80.000000	462.000012E-3
78.000000	462.000012E-3
80.000000	462.000012E-3
80.000000	462.000012E-3
80.000000	462.000012E-3
80.000000	462.000012E-3
80.000000	462.000012E-3
80.000000	462.000012E-3
80.000000	462.000012E-3
80.000000	462.000012E-3
80.000000	462.000012E-3
80.000000	462.000012E-3
80.000000	462.000012E-3
80.000000	462.000012E-3
80.000000	462.000012E-3
80.000000	462.000012E-3
80.000000	462.000012E-3
80.000000	462.000012E-3
80.000000	462.000012E-3
80.000000	462.000012E-3
80.000000	462.000012E-3
80.000000	462.000012E-3
80.000000	462.000012E-3
80.000000	462.000012E-3
80.000000	462.000012E-3
80.000000	462.000012E-3
80.000000	462.000012E-3
80.000000	462.000012E-3
80.000000	462.000012E-3
80.000000	462.000012E-3
80.000000	462.000012E-3
80.000000	462.000012E-3
80.000000	462.000012E-3
80.000000	462.000012E-3
80.000000	462.000012E-3
80.000000	462.000012E-3
80.000000	462.000012E-3
80.000000	462.000012E-3
80.000000	462.000012E-3
80.000000	462.000012E-3
80.000000	462.000012E-3
80.000000	462.000012E-3
82.000000	462.000012E-3
80.000000	462.000012E-3
80.000000	462.000012E-3
80.000000	462.000012E-3
80.000000	462.000012E-3
80.000000	462.000012E-3
82.000000	462.000012E-3
82.000000	462.000012E-3
80.000000	462.000012E-3
80.000000	462.000012E-3
80.000000	462.000012E-3
80.000000	462.000012E-3
82.000000	462.000012E-3
80.000000	462.000012E-3
82.000000	462.000012E-3
82.000000	462.000012E-3
80.000000	462.000012E-3
82.000000	462.000012E-3
82.000000	462.000012E-3
80.000000	462.000012E-3
82.000000	462.000012E-3
82.000000	462.000012E-3
80.000000	462.000012E-3
82.000000	462.000012E-3
82.000000	462.000012E-3
82.000000	462.000012E-3
82.000000	462.000012E-3
80.000000	462.000012E-3
82.000000	462.000012E-3
82.000000	462.000012E-3
82.000000	462.000012E-3
