2.0000	28.00000E-3
0.0	28.00000E-3
0.0	28.00000E-3
2.0000	28.00000E-3
2.0000	28.00000E-3
2.0000	32.00000E-3
2.0000	28.00000E-3
2.0000	28.00000E-3
0.0	28.00000E-3
2.0000	32.00000E-3
2.0000	32.00000E-3
2.0000	28.00000E-3
2.0000	32.00000E-3
2.0000	32.00000E-3
2.0000	32.00000E-3
2.0000	32.00000E-3
2.0000	32.00000E-3
2.0000	32.00000E-3
2.0000	36.00000E-3
2.0000	32.00000E-3
2.0000	32.00000E-3
2.0000	32.00000E-3
2.0000	32.00000E-3
2.0000	32.00000E-3
4.00000	32.00000E-3
2.0000	32.00000E-3
4.00000	36.00000E-3
2.0000	32.00000E-3
2.0000	36.00000E-3
4.00000	32.00000E-3
4.00000	28.00000E-3
2.0000	28.00000E-3
2.0000	32.00000E-3
4.00000	32.00000E-3
2.0000	28.00000E-3
4.00000	32.00000E-3
2.0000	36.00000E-3
4.00000	32.00000E-3
4.00000	32.00000E-3
2.0000	32.00000E-3
4.00000	32.00000E-3
4.00000	32.00000E-3
4.00000	32.00000E-3
2.0000	36.00000E-3
4.00000	36.00000E-3
4.00000	36.00000E-3
4.00000	36.00000E-3
4.00000	36.00000E-3
4.00000	32.00000E-3
4.00000	28.00000E-3
4.00000	32.00000E-3
4.00000	36.00000E-3
4.00000	36.00000E-3
4.00000	32.00000E-3
4.00000	28.00000E-3
4.00000	32.00000E-3
4.00000	32.00000E-3
4.00000	32.00000E-3
4.00000	32.00000E-3
4.00000	28.00000E-3
4.00000	28.00000E-3
4.00000	28.00000E-3
4.00000	28.00000E-3
4.00000	32.00000E-3
4.00000	28.00000E-3
4.00000	28.00000E-3
4.00000	32.00000E-3
4.00000	28.00000E-3
4.00000	32.00000E-3
4.00000	32.00000E-3
4.00000	28.00000E-3
4.00000	28.00000E-3
4.00000	28.00000E-3
4.00000	28.00000E-3
4.00000	28.00000E-3
4.00000	28.00000E-3
4.00000	28.00000E-3
4.00000	32.00000E-3
4.00000	28.00000E-3
4.00000	28.00000E-3
4.00000	28.00000E-3
4.00000	28.00000E-3
4.00000	28.00000E-3
4.00000	28.00000E-3
4.00000	28.00000E-3
4.00000	28.00000E-3
4.00000	28.00000E-3
4.00000	28.00000E-3
6.00000	32.00000E-3
4.00000	32.00000E-3
6.00000	32.00000E-3
4.00000	32.00000E-3
4.00000	36.00000E-3
4.00000	36.00000E-3
6.00000	36.00000E-3
4.00000	40.00000E-3
6.00000	40.00000E-3
6.00000	40.00000E-3
6.00000	40.00000E-3
6.00000	44.00000E-3
6.00000	44.00000E-3
6.00000	44.00000E-3
6.00000	44.00000E-3
6.00000	44.00000E-3
6.00000	48.00000E-3
6.00000	52.00000E-3
6.00000	48.00000E-3
6.00000	52.00000E-3
6.00000	52.00000E-3
6.00000	52.00000E-3
6.00000	52.00000E-3
6.00000	56.000002E-3
6.00000	56.000002E-3
6.00000	56.000002E-3
6.00000	56.000002E-3
6.00000	56.000002E-3
6.00000	56.000002E-3
6.00000	60.000002E-3
6.00000	56.000002E-3
6.00000	60.000002E-3
6.00000	60.000002E-3
6.00000	64.000003E-3
6.00000	60.000002E-3
6.00000	64.000003E-3
6.00000	60.000002E-3
6.00000	64.000003E-3
6.00000	64.000003E-3
8.000000	64.000003E-3
6.00000	64.000003E-3
8.000000	72.000004E-3
6.00000	64.000003E-3
8.000000	68.000004E-3
6.00000	68.000004E-3
6.00000	72.000004E-3
8.000000	68.000004E-3
6.00000	72.000004E-3
8.000000	72.000004E-3
8.000000	72.000004E-3
6.00000	72.000004E-3
8.000000	72.000004E-3
8.000000	76.000005E-3
6.00000	76.000005E-3
8.000000	72.000004E-3
8.000000	76.000005E-3
8.000000	76.000005E-3
8.000000	76.000005E-3
8.000000	76.000005E-3
8.000000	80.000006E-3
8.000000	80.000006E-3
8.000000	76.000005E-3
8.000000	80.000006E-3
8.000000	80.000006E-3
8.000000	80.000006E-3
8.000000	80.000006E-3
8.000000	80.000006E-3
8.000000	84.000006E-3
8.000000	80.000006E-3
8.000000	80.000006E-3
8.000000	84.000006E-3
8.000000	84.000006E-3
8.000000	80.000006E-3
8.000000	84.000006E-3
8.000000	84.000006E-3
8.000000	84.000006E-3
8.000000	88.000007E-3
8.000000	84.000006E-3
8.000000	88.000007E-3
8.000000	88.000007E-3
8.000000	88.000007E-3
8.000000	84.000006E-3
8.000000	84.000006E-3
8.000000	84.000006E-3
8.000000	84.000006E-3
8.000000	84.000006E-3
8.000000	84.000006E-3
8.000000	88.000007E-3
8.000000	88.000007E-3
8.000000	88.000007E-3
10.0000	88.000007E-3
8.000000	88.000007E-3
10.0000	84.000006E-3
8.000000	88.000007E-3
8.000000	88.000007E-3
8.000000	88.000007E-3
8.000000	88.000007E-3
8.000000	88.000007E-3
10.0000	88.000007E-3
10.0000	92.000008E-3
8.000000	92.000008E-3
8.000000	92.000008E-3
10.0000	88.000007E-3
8.000000	92.000008E-3
10.0000	88.000007E-3
8.000000	92.000008E-3
10.0000	96.000001E-3
10.0000	92.000008E-3
10.0000	92.000008E-3
8.000000	96.000001E-3
10.0000	92.000008E-3
10.0000	96.000001E-3
10.0000	92.000008E-3
10.0000	92.000008E-3
10.0000	92.000008E-3
10.0000	96.000001E-3
10.0000	96.000001E-3
10.0000	100.0000E-3
10.0000	96.000001E-3
10.0000	96.000001E-3
10.0000	96.000001E-3
10.0000	100.0000E-3
10.0000	100.0000E-3
10.0000	96.000001E-3
10.0000	96.000001E-3
10.0000	96.000001E-3
10.0000	100.0000E-3
10.0000	104.0000E-3
10.0000	100.0000E-3
10.0000	100.0000E-3
10.0000	100.0000E-3
10.0000	100.0000E-3
10.0000	100.0000E-3
10.0000	100.0000E-3
10.0000	104.0000E-3
10.0000	100.0000E-3
10.0000	100.0000E-3
10.0000	104.0000E-3
10.0000	100.0000E-3
10.0000	104.0000E-3
10.0000	104.0000E-3
10.0000	104.0000E-3
10.0000	104.0000E-3
10.0000	104.0000E-3
10.0000	104.0000E-3
10.0000	104.0000E-3
12.0000	104.0000E-3
12.0000	104.0000E-3
10.0000	100.0000E-3
10.0000	104.0000E-3
10.0000	104.0000E-3
10.0000	104.0000E-3
10.0000	104.0000E-3
10.0000	104.0000E-3
10.0000	104.0000E-3
10.0000	104.0000E-3
12.0000	108.0000E-3
12.0000	104.0000E-3
10.0000	104.0000E-3
12.0000	108.0000E-3
12.0000	108.0000E-3
12.0000	108.0000E-3
12.0000	108.0000E-3
12.0000	108.0000E-3
12.0000	104.0000E-3
12.0000	108.0000E-3
10.0000	108.0000E-3
12.0000	108.0000E-3
12.0000	108.0000E-3
10.0000	112.0000E-3
12.0000	112.0000E-3
12.0000	112.0000E-3
12.0000	108.0000E-3
12.0000	108.0000E-3
12.0000	108.0000E-3
12.0000	112.0000E-3
10.0000	108.0000E-3
12.0000	112.0000E-3
12.0000	116.0000E-3
12.0000	108.0000E-3
10.0000	116.0000E-3
12.0000	112.0000E-3
12.0000	112.0000E-3
12.0000	112.0000E-3
12.0000	112.0000E-3
12.0000	108.0000E-3
12.0000	108.0000E-3
12.0000	112.0000E-3
14.0000	112.0000E-3
12.0000	112.0000E-3
12.0000	112.0000E-3
12.0000	108.0000E-3
12.0000	112.0000E-3
12.0000	112.0000E-3
12.0000	116.0000E-3
14.0000	112.0000E-3
12.0000	112.0000E-3
12.0000	112.0000E-3
12.0000	112.0000E-3
14.0000	116.0000E-3
14.0000	112.0000E-3
14.0000	116.0000E-3
14.0000	116.0000E-3
12.0000	116.0000E-3
12.0000	116.0000E-3
14.0000	112.0000E-3
14.0000	116.0000E-3
12.0000	116.0000E-3
12.0000	116.0000E-3
14.0000	116.0000E-3
14.0000	116.0000E-3
14.0000	116.0000E-3
14.0000	116.0000E-3
14.0000	116.0000E-3
14.0000	112.0000E-3
14.0000	112.0000E-3
14.0000	116.0000E-3
14.0000	116.0000E-3
14.0000	116.0000E-3
14.0000	116.0000E-3
14.0000	116.0000E-3
14.0000	116.0000E-3
14.0000	116.0000E-3
14.0000	116.0000E-3
14.0000	116.0000E-3
14.0000	120.0000E-3
14.0000	116.0000E-3
14.0000	116.0000E-3
14.0000	120.0000E-3
14.0000	120.0000E-3
14.0000	116.0000E-3
14.0000	116.0000E-3
14.0000	116.0000E-3
14.0000	116.0000E-3
14.0000	116.0000E-3
14.0000	116.0000E-3
14.0000	116.0000E-3
14.0000	120.0000E-3
14.0000	116.0000E-3
14.0000	116.0000E-3
14.0000	120.0000E-3
14.0000	116.0000E-3
14.0000	116.0000E-3
14.0000	120.0000E-3
14.0000	120.0000E-3
14.0000	116.0000E-3
14.0000	116.0000E-3
14.0000	120.0000E-3
14.0000	120.0000E-3
14.0000	120.0000E-3
14.0000	120.0000E-3
14.0000	120.0000E-3
14.0000	120.0000E-3
14.0000	120.0000E-3
16.0000	120.0000E-3
16.0000	120.0000E-3
16.0000	120.0000E-3
14.0000	120.0000E-3
16.0000	124.0000E-3
16.0000	120.0000E-3
16.0000	120.0000E-3
16.0000	120.0000E-3
16.0000	120.0000E-3
16.0000	120.0000E-3
16.0000	120.0000E-3
16.0000	120.0000E-3
16.0000	124.0000E-3
16.0000	124.0000E-3
14.0000	124.0000E-3
16.0000	120.0000E-3
16.0000	120.0000E-3
16.0000	120.0000E-3
16.0000	124.0000E-3
16.0000	120.0000E-3
14.0000	120.0000E-3
16.0000	124.0000E-3
16.0000	124.0000E-3
16.0000	120.0000E-3
16.0000	124.0000E-3
16.0000	124.0000E-3
16.0000	120.0000E-3
16.0000	124.0000E-3
14.0000	124.0000E-3
18.0000	124.0000E-3
16.0000	128.0000E-3
16.0000	124.0000E-3
16.0000	124.0000E-3
16.0000	124.0000E-3
16.0000	128.0000E-3
16.0000	128.0000E-3
18.0000	124.0000E-3
16.0000	128.0000E-3
16.0000	124.0000E-3
16.0000	124.0000E-3
18.0000	128.0000E-3
16.0000	128.0000E-3
16.0000	124.0000E-3
16.0000	124.0000E-3
16.0000	132.0000E-3
18.0000	124.0000E-3
16.0000	124.0000E-3
16.0000	128.0000E-3
18.0000	124.0000E-3
18.0000	128.0000E-3
18.0000	128.0000E-3
18.0000	128.0000E-3
16.0000	128.0000E-3
18.0000	128.0000E-3
16.0000	124.0000E-3
18.0000	128.0000E-3
18.0000	128.0000E-3
18.0000	124.0000E-3
16.0000	128.0000E-3
18.0000	128.0000E-3
18.0000	128.0000E-3
16.0000	128.0000E-3
18.0000	124.0000E-3
18.0000	132.0000E-3
18.0000	128.0000E-3
18.0000	128.0000E-3
18.0000	128.0000E-3
18.0000	132.0000E-3
18.0000	132.0000E-3
18.0000	128.0000E-3
18.0000	132.0000E-3
18.0000	132.0000E-3
18.0000	128.0000E-3
18.0000	132.0000E-3
18.0000	128.0000E-3
18.0000	128.0000E-3
20.0000	132.0000E-3
18.0000	132.0000E-3
18.0000	132.0000E-3
20.0000	136.0000E-3
20.0000	132.0000E-3
18.0000	132.0000E-3
20.0000	128.0000E-3
18.0000	132.0000E-3
18.0000	132.0000E-3
20.0000	132.0000E-3
18.0000	132.0000E-3
20.0000	132.0000E-3
20.0000	132.0000E-3
20.0000	136.0000E-3
20.0000	132.0000E-3
18.0000	132.0000E-3
18.0000	132.0000E-3
20.0000	132.0000E-3
18.0000	132.0000E-3
20.0000	132.0000E-3
20.0000	132.0000E-3
20.0000	136.0000E-3
20.0000	136.0000E-3
20.0000	132.0000E-3
20.0000	132.0000E-3
20.0000	132.0000E-3
20.0000	136.0000E-3
20.0000	136.0000E-3
20.0000	132.0000E-3
20.0000	132.0000E-3
20.0000	132.0000E-3
20.0000	132.0000E-3
20.0000	132.0000E-3
20.0000	132.0000E-3
20.0000	132.0000E-3
20.0000	132.0000E-3
20.0000	132.0000E-3
20.0000	132.0000E-3
20.0000	128.0000E-3
20.0000	128.0000E-3
20.0000	132.0000E-3
20.0000	128.0000E-3
20.0000	128.0000E-3
20.0000	128.0000E-3
20.0000	124.0000E-3
20.0000	124.0000E-3
20.0000	128.0000E-3
20.0000	124.0000E-3
20.0000	124.0000E-3
20.0000	120.0000E-3
20.0000	120.0000E-3
20.0000	116.0000E-3
20.0000	116.0000E-3
20.0000	116.0000E-3
20.0000	116.0000E-3
20.0000	120.0000E-3
20.0000	116.0000E-3
20.0000	112.0000E-3
20.0000	112.0000E-3
20.0000	108.0000E-3
20.0000	112.0000E-3
22.00000	108.0000E-3
22.00000	108.0000E-3
22.00000	104.0000E-3
22.00000	104.0000E-3
20.0000	104.0000E-3
22.00000	104.0000E-3
22.00000	104.0000E-3
22.00000	100.0000E-3
20.0000	100.0000E-3
22.00000	100.0000E-3
20.0000	100.0000E-3
22.00000	96.000001E-3
20.0000	100.0000E-3
20.0000	96.000001E-3
22.00000	96.000001E-3
22.00000	96.000001E-3
20.0000	92.000008E-3
22.00000	92.000008E-3
22.00000	92.000008E-3
22.00000	92.000008E-3
22.00000	92.000008E-3
22.00000	88.000007E-3
22.00000	92.000008E-3
22.00000	88.000007E-3
22.00000	88.000007E-3
22.00000	88.000007E-3
22.00000	88.000007E-3
22.00000	88.000007E-3
22.00000	80.000006E-3
22.00000	84.000006E-3
22.00000	88.000007E-3
22.00000	84.000006E-3
22.00000	84.000006E-3
22.00000	84.000006E-3
24.00000	88.000007E-3
22.00000	84.000006E-3
22.00000	88.000007E-3
22.00000	84.000006E-3
22.00000	88.000007E-3
22.00000	88.000007E-3
22.00000	84.000006E-3
22.00000	88.000007E-3
22.00000	88.000007E-3
22.00000	88.000007E-3
24.00000	92.000008E-3
22.00000	92.000008E-3
22.00000	96.000001E-3
24.00000	92.000008E-3
22.00000	92.000008E-3
24.00000	96.000001E-3
24.00000	96.000001E-3
24.00000	92.000008E-3
22.00000	92.000008E-3
24.00000	92.000008E-3
22.00000	92.000008E-3
22.00000	92.000008E-3
24.00000	96.000001E-3
24.00000	96.000001E-3
22.00000	96.000001E-3
22.00000	100.0000E-3
24.00000	104.0000E-3
22.00000	104.0000E-3
22.00000	104.0000E-3
24.00000	104.0000E-3
24.00000	104.0000E-3
24.00000	104.0000E-3
24.00000	104.0000E-3
24.00000	108.0000E-3
22.00000	112.0000E-3
24.00000	108.0000E-3
24.00000	108.0000E-3
24.00000	112.0000E-3
24.00000	116.0000E-3
24.00000	112.0000E-3
24.00000	116.0000E-3
24.00000	116.0000E-3
24.00000	116.0000E-3
24.00000	116.0000E-3
24.00000	116.0000E-3
24.00000	120.0000E-3
24.00000	120.0000E-3
24.00000	124.0000E-3
24.00000	120.0000E-3
24.00000	120.0000E-3
24.00000	120.0000E-3
24.00000	124.0000E-3
24.00000	120.0000E-3
24.00000	120.0000E-3
24.00000	124.0000E-3
24.00000	124.0000E-3
24.00000	124.0000E-3
24.00000	124.0000E-3
24.00000	128.0000E-3
24.00000	128.0000E-3
24.00000	128.0000E-3
26.00000	128.0000E-3
24.00000	128.0000E-3
24.00000	132.0000E-3
24.00000	132.0000E-3
24.00000	132.0000E-3
24.00000	132.0000E-3
24.00000	132.0000E-3
24.00000	128.0000E-3
24.00000	132.0000E-3
24.00000	132.0000E-3
24.00000	136.0000E-3
24.00000	136.0000E-3
26.00000	140.0000E-3
26.00000	136.0000E-3
24.00000	140.0000E-3
26.00000	140.0000E-3
26.00000	140.0000E-3
26.00000	140.0000E-3
26.00000	144.0000E-3
24.00000	144.0000E-3
26.00000	144.0000E-3
26.00000	144.0000E-3
26.00000	144.0000E-3
26.00000	144.0000E-3
26.00000	144.0000E-3
26.00000	144.0000E-3
26.00000	148.0000E-3
26.00000	144.0000E-3
26.00000	148.0000E-3
26.00000	152.00001E-3
26.00000	148.0000E-3
26.00000	148.0000E-3
24.00000	152.00001E-3
24.00000	148.0000E-3
26.00000	152.00001E-3
26.00000	148.0000E-3
26.00000	152.00001E-3
26.00000	156.00000E-3
26.00000	152.00001E-3
26.00000	152.00001E-3
26.00000	156.00000E-3
26.00000	152.00001E-3
26.00000	156.00000E-3
26.00000	156.00000E-3
26.00000	160.00001E-3
26.00000	156.00000E-3
26.00000	156.00000E-3
26.00000	156.00000E-3
26.00000	160.00001E-3
26.00000	160.00001E-3
26.00000	156.00000E-3
26.00000	160.00001E-3
26.00000	160.00001E-3
26.00000	160.00001E-3
26.00000	164.00000E-3
26.00000	164.00000E-3
28.00000	160.00001E-3
26.00000	164.00000E-3
26.00000	164.00000E-3
26.00000	164.00000E-3
26.00000	164.00000E-3
26.00000	164.00000E-3
26.00000	164.00000E-3
28.00000	164.00000E-3
26.00000	164.00000E-3
26.00000	168.00001E-3
26.00000	164.00000E-3
28.00000	164.00000E-3
26.00000	164.00000E-3
28.00000	172.00001E-3
28.00000	164.00000E-3
28.00000	168.00001E-3
28.00000	168.00001E-3
28.00000	168.00001E-3
28.00000	168.00001E-3
28.00000	176.00001E-3
26.00000	168.00001E-3
28.00000	172.00001E-3
28.00000	172.00001E-3
28.00000	172.00001E-3
28.00000	176.00001E-3
28.00000	176.00001E-3
26.00000	176.00001E-3
28.00000	176.00001E-3
26.00000	180.00001E-3
28.00000	172.00001E-3
28.00000	180.00001E-3
28.00000	180.00001E-3
28.00000	180.00001E-3
28.00000	180.00001E-3
28.00000	180.00001E-3
28.00000	180.00001E-3
28.00000	180.00001E-3
30.00000	180.00001E-3
28.00000	180.00001E-3
28.00000	184.00002E-3
28.00000	184.00002E-3
28.00000	184.00002E-3
28.00000	184.00002E-3
28.00000	188.00001E-3
28.00000	188.00001E-3
28.00000	188.00001E-3
28.00000	188.00001E-3
30.00000	192.00000E-3
30.00000	188.00001E-3
28.00000	188.00001E-3
28.00000	192.00000E-3
28.00000	188.00001E-3
30.00000	192.00000E-3
30.00000	188.00001E-3
30.00000	192.00000E-3
28.00000	188.00001E-3
28.00000	192.00000E-3
30.00000	192.00000E-3
30.00000	196.00001E-3
28.00000	192.00000E-3
28.00000	196.00001E-3
28.00000	192.00000E-3
28.00000	192.00000E-3
30.00000	196.00001E-3
30.00000	196.00001E-3
30.00000	196.00001E-3
30.00000	196.00001E-3
30.00000	196.00001E-3
30.00000	196.00001E-3
30.00000	196.00001E-3
30.00000	196.00001E-3
30.00000	196.00001E-3
30.00000	196.00001E-3
30.00000	196.00001E-3
30.00000	200.00000E-3
30.00000	196.00001E-3
30.00000	196.00001E-3
30.00000	200.00000E-3
30.00000	200.00000E-3
30.00000	200.00000E-3
30.00000	200.00000E-3
30.00000	204.00001E-3
30.00000	200.00000E-3
32.00000	204.00001E-3
30.00000	200.00000E-3
30.00000	204.00001E-3
30.00000	204.00001E-3
30.00000	204.00001E-3
30.00000	204.00001E-3
30.00000	204.00001E-3
30.00000	204.00001E-3
30.00000	204.00001E-3
30.00000	204.00001E-3
30.00000	208.00000E-3
30.00000	208.00000E-3
30.00000	204.00001E-3
30.00000	204.00001E-3
30.00000	208.00000E-3
30.00000	208.00000E-3
30.00000	208.00000E-3
30.00000	208.00000E-3
32.00000	208.00000E-3
30.00000	208.00000E-3
30.00000	208.00000E-3
30.00000	212.00001E-3
30.00000	212.00001E-3
30.00000	212.00001E-3
30.00000	212.00001E-3
30.00000	212.00001E-3
32.00000	208.00000E-3
30.00000	212.00001E-3
32.00000	212.00001E-3
32.00000	212.00001E-3
32.00000	212.00001E-3
32.00000	212.00001E-3
32.00000	216.00001E-3
32.00000	212.00001E-3
32.00000	212.00001E-3
32.00000	212.00001E-3
32.00000	216.00001E-3
30.00000	216.00001E-3
30.00000	212.00001E-3
32.00000	216.00001E-3
32.00000	216.00001E-3
32.00000	216.00001E-3
32.00000	220.00001E-3
32.00000	220.00001E-3
32.00000	216.00001E-3
32.00000	220.00001E-3
32.00000	220.00001E-3
32.00000	220.00001E-3
32.00000	220.00001E-3
32.00000	220.00001E-3
32.00000	216.00001E-3
32.00000	216.00001E-3
32.00000	220.00001E-3
32.00000	220.00001E-3
32.00000	220.00001E-3
32.00000	220.00001E-3
32.00000	224.00001E-3
32.00000	224.00001E-3
32.00000	220.00001E-3
32.00000	220.00001E-3
32.00000	224.00001E-3
32.00000	224.00001E-3
32.00000	224.00001E-3
32.00000	224.00001E-3
32.00000	224.00001E-3
32.00000	224.00001E-3
32.00000	224.00001E-3
32.00000	224.00001E-3
32.00000	228.00002E-3
32.00000	228.00002E-3
32.00000	228.00002E-3
34.00000	224.00001E-3
34.00000	228.00002E-3
32.00000	228.00002E-3
32.00000	228.00002E-3
32.00000	232.00001E-3
34.00000	232.00001E-3
32.00000	232.00001E-3
34.00000	228.00002E-3
34.00000	232.00001E-3
32.00000	232.00001E-3
34.00000	232.00001E-3
34.00000	228.00002E-3
34.00000	232.00001E-3
34.00000	232.00001E-3
34.00000	232.00001E-3
34.00000	232.00001E-3
34.00000	232.00001E-3
34.00000	232.00001E-3
34.00000	232.00001E-3
34.00000	232.00001E-3
34.00000	232.00001E-3
34.00000	232.00001E-3
34.00000	232.00001E-3
34.00000	228.00002E-3
34.00000	236.00002E-3
34.00000	232.00001E-3
36.00000	236.00002E-3
34.00000	236.00002E-3
34.00000	236.00002E-3
34.00000	236.00002E-3
34.00000	236.00002E-3
34.00000	236.00002E-3
34.00000	236.00002E-3
34.00000	236.00002E-3
36.00000	236.00002E-3
34.00000	240.00001E-3
36.00000	236.00002E-3
34.00000	240.00001E-3
36.00000	236.00002E-3
34.00000	236.00002E-3
34.00000	236.00002E-3
36.00000	240.00001E-3
34.00000	240.00001E-3
36.00000	244.00002E-3
36.00000	240.00001E-3
36.00000	240.00001E-3
34.00000	240.00001E-3
34.00000	240.00001E-3
34.00000	240.00001E-3
36.00000	240.00001E-3
36.00000	240.00001E-3
34.00000	240.00001E-3
36.00000	244.00002E-3
36.00000	240.00001E-3
36.00000	244.00002E-3
36.00000	244.00002E-3
36.00000	244.00002E-3
36.00000	244.00002E-3
36.00000	244.00002E-3
36.00000	244.00002E-3
36.00000	248.00001E-3
36.00000	240.00001E-3
36.00000	244.00002E-3
36.00000	244.00002E-3
36.00000	244.00002E-3
36.00000	248.00001E-3
36.00000	248.00001E-3
36.00000	248.00001E-3
36.00000	252.00000E-3
36.00000	248.00001E-3
36.00000	248.00001E-3
36.00000	248.00001E-3
36.00000	248.00001E-3
36.00000	248.00001E-3
36.00000	248.00001E-3
36.00000	252.00000E-3
36.00000	248.00001E-3
36.00000	252.00000E-3
36.00000	252.00000E-3
36.00000	252.00000E-3
36.00000	248.00001E-3
36.00000	252.00000E-3
36.00000	252.00000E-3
36.00000	252.00000E-3
36.00000	252.00000E-3
36.00000	248.00001E-3
36.00000	248.00001E-3
38.00000	252.00000E-3
38.00000	252.00000E-3
36.00000	252.00000E-3
36.00000	248.00001E-3
38.00000	248.00001E-3
36.00000	248.00001E-3
38.00000	248.00001E-3
36.00000	244.00002E-3
38.00000	248.00001E-3
36.00000	248.00001E-3
36.00000	248.00001E-3
36.00000	248.00001E-3
38.00000	244.00002E-3
36.00000	248.00001E-3
38.00000	244.00002E-3
36.00000	248.00001E-3
38.00000	244.00002E-3
38.00000	240.00001E-3
36.00000	240.00001E-3
38.00000	240.00001E-3
38.00000	240.00001E-3
38.00000	244.00002E-3
38.00000	240.00001E-3
38.00000	240.00001E-3
38.00000	240.00001E-3
38.00000	236.00002E-3
38.00000	240.00001E-3
38.00000	240.00001E-3
38.00000	240.00001E-3
38.00000	236.00002E-3
38.00000	236.00002E-3
38.00000	236.00002E-3
38.00000	236.00002E-3
38.00000	236.00002E-3
38.00000	232.00001E-3
38.00000	232.00001E-3
38.00000	232.00001E-3
38.00000	232.00001E-3
38.00000	228.00002E-3
38.00000	232.00001E-3
38.00000	228.00002E-3
38.00000	228.00002E-3
38.00000	224.00001E-3
38.00000	228.00002E-3
38.00000	224.00001E-3
38.00000	228.00002E-3
40.00000	224.00001E-3
38.00000	224.00001E-3
38.00000	224.00001E-3
40.00000	224.00001E-3
40.00000	224.00001E-3
40.00000	220.00001E-3
40.00000	224.00001E-3
38.00000	220.00001E-3
40.00000	220.00001E-3
38.00000	220.00001E-3
38.00000	212.00001E-3
40.00000	216.00001E-3
40.00000	216.00001E-3
40.00000	220.00001E-3
40.00000	216.00001E-3
40.00000	216.00001E-3
40.00000	212.00001E-3
40.00000	212.00001E-3
40.00000	212.00001E-3
40.00000	212.00001E-3
40.00000	212.00001E-3
40.00000	212.00001E-3
40.00000	212.00001E-3
40.00000	212.00001E-3
40.00000	216.00001E-3
40.00000	216.00001E-3
40.00000	212.00001E-3
40.00000	216.00001E-3
40.00000	216.00001E-3
40.00000	220.00001E-3
40.00000	216.00001E-3
40.00000	216.00001E-3
40.00000	220.00001E-3
40.00000	224.00001E-3
40.00000	220.00001E-3
40.00000	224.00001E-3
40.00000	220.00001E-3
40.00000	224.00001E-3
40.00000	224.00001E-3
40.00000	220.00001E-3
40.00000	220.00001E-3
40.00000	220.00001E-3
40.00000	224.00001E-3
40.00000	224.00001E-3
40.00000	224.00001E-3
40.00000	224.00001E-3
40.00000	224.00001E-3
40.00000	224.00001E-3
40.00000	220.00001E-3
40.00000	224.00001E-3
40.00000	228.00002E-3
40.00000	224.00001E-3
40.00000	224.00001E-3
40.00000	220.00001E-3
40.00000	224.00001E-3
40.00000	228.00002E-3
42.00000	228.00002E-3
40.00000	228.00002E-3
40.00000	224.00001E-3
40.00000	224.00001E-3
40.00000	224.00001E-3
42.00000	228.00002E-3
42.00000	228.00002E-3
40.00000	228.00002E-3
42.00000	228.00002E-3
42.00000	228.00002E-3
42.00000	228.00002E-3
40.00000	228.00002E-3
42.00000	228.00002E-3
42.00000	224.00001E-3
42.00000	228.00002E-3
42.00000	228.00002E-3
40.00000	232.00001E-3
42.00000	224.00001E-3
42.00000	228.00002E-3
42.00000	228.00002E-3
42.00000	232.00001E-3
40.00000	232.00001E-3
42.00000	232.00001E-3
42.00000	232.00001E-3
42.00000	232.00001E-3
42.00000	236.00002E-3
42.00000	236.00002E-3
42.00000	236.00002E-3
42.00000	236.00002E-3
42.00000	236.00002E-3
42.00000	236.00002E-3
42.00000	236.00002E-3
42.00000	240.00001E-3
42.00000	236.00002E-3
42.00000	240.00001E-3
42.00000	240.00001E-3
42.00000	240.00001E-3
42.00000	236.00002E-3
42.00000	240.00001E-3
42.00000	240.00001E-3
42.00000	240.00001E-3
42.00000	240.00001E-3
42.00000	240.00001E-3
42.00000	240.00001E-3
42.00000	240.00001E-3
42.00000	240.00001E-3
44.00000	244.00002E-3
42.00000	248.00001E-3
44.00000	244.00002E-3
42.00000	240.00001E-3
42.00000	244.00002E-3
44.00000	244.00002E-3
42.00000	244.00002E-3
42.00000	244.00002E-3
44.00000	244.00002E-3
42.00000	248.00001E-3
44.00000	248.00001E-3
44.00000	248.00001E-3
44.00000	244.00002E-3
44.00000	248.00001E-3
44.00000	248.00001E-3
44.00000	248.00001E-3
44.00000	248.00001E-3
44.00000	248.00001E-3
44.00000	252.00000E-3
44.00000	252.00000E-3
44.00000	252.00000E-3
44.00000	252.00000E-3
44.00000	252.00000E-3
44.00000	256.00001E-3
44.00000	256.00001E-3
44.00000	252.00000E-3
44.00000	256.00001E-3
44.00000	256.00001E-3
44.00000	256.00001E-3
44.00000	256.00001E-3
44.00000	256.00001E-3
44.00000	260.00002E-3
44.00000	264.00000E-3
44.00000	260.00002E-3
44.00000	264.00000E-3
44.00000	264.00000E-3
44.00000	264.00000E-3
44.00000	268.00001E-3
44.00000	264.00000E-3
44.00000	264.00000E-3
44.00000	268.00001E-3
44.00000	268.00001E-3
44.00000	264.00000E-3
44.00000	268.00001E-3
44.00000	268.00001E-3
44.00000	268.00001E-3
44.00000	268.00001E-3
44.00000	268.00001E-3
46.00000	268.00001E-3
44.00000	272.00001E-3
46.00000	272.00001E-3
44.00000	268.00001E-3
44.00000	268.00001E-3
46.00000	268.00001E-3
44.00000	268.00001E-3
44.00000	272.00001E-3
46.00000	272.00001E-3
44.00000	272.00001E-3
44.00000	276.00002E-3
46.00000	276.00002E-3
44.00000	276.00002E-3
46.00000	276.00002E-3
46.00000	276.00002E-3
46.00000	280.00000E-3
44.00000	276.00002E-3
46.00000	280.00000E-3
46.00000	280.00000E-3
46.00000	280.00000E-3
46.00000	280.00000E-3
46.00000	284.00001E-3
46.00000	280.00000E-3
44.00000	284.00001E-3
46.00000	284.00001E-3
46.00000	284.00001E-3
46.00000	284.00001E-3
46.00000	284.00001E-3
46.00000	288.00002E-3
46.00000	288.00002E-3
46.00000	288.00002E-3
46.00000	288.00002E-3
46.00000	288.00002E-3
46.00000	292.00003E-3
46.00000	292.00003E-3
46.00000	292.00003E-3
46.00000	296.00000E-3
46.00000	296.00000E-3
46.00000	292.00003E-3
46.00000	296.00000E-3
46.00000	300.00001E-3
46.00000	300.00001E-3
46.00000	300.00001E-3
46.00000	300.00001E-3
46.00000	300.00001E-3
46.00000	300.00001E-3
46.00000	304.00002E-3
46.00000	304.00002E-3
46.00000	304.00002E-3
46.00000	304.00002E-3
46.00000	304.00002E-3
46.00000	308.00003E-3
46.00000	304.00002E-3
46.00000	308.00003E-3
46.00000	308.00003E-3
46.00000	312.00001E-3
46.00000	312.00001E-3
46.00000	312.00001E-3
46.00000	312.00001E-3
46.00000	316.00001E-3
46.00000	316.00001E-3
46.00000	316.00001E-3
46.00000	320.00002E-3
46.00000	320.00002E-3
46.00000	320.00002E-3
48.00000	320.00002E-3
46.00000	324.00000E-3
46.00000	328.00001E-3
48.00000	328.00001E-3
46.00000	328.00001E-3
46.00000	328.00001E-3
48.00000	328.00001E-3
46.00000	328.00001E-3
48.00000	332.00002E-3
48.00000	332.00002E-3
48.00000	332.00002E-3
46.00000	332.00002E-3
48.00000	332.00002E-3
48.00000	336.00003E-3
48.00000	336.00003E-3
48.00000	336.00003E-3
48.00000	336.00003E-3
48.00000	340.00000E-3
48.00000	336.00003E-3
48.00000	340.00000E-3
48.00000	340.00000E-3
48.00000	344.00001E-3
48.00000	344.00001E-3
48.00000	344.00001E-3
48.00000	344.00001E-3
48.00000	348.00002E-3
48.00000	348.00002E-3
48.00000	348.00002E-3
48.00000	352.00003E-3
48.00000	348.00002E-3
48.00000	352.00003E-3
48.00000	352.00003E-3
48.00000	352.00003E-3
48.00000	352.00003E-3
48.00000	352.00003E-3
48.00000	356.00001E-3
48.00000	360.00001E-3
48.00000	360.00001E-3
48.00000	360.00001E-3
48.00000	360.00001E-3
48.00000	360.00001E-3
48.00000	360.00001E-3
50.00000	360.00001E-3
48.00000	364.00002E-3
50.00000	364.00002E-3
48.00000	360.00001E-3
50.00000	360.00001E-3
48.00000	364.00002E-3
50.00000	368.00003E-3
50.00000	368.00003E-3
50.00000	368.00003E-3
50.00000	372.00001E-3
48.00000	368.00003E-3
48.00000	376.00002E-3
50.00000	372.00001E-3
50.00000	376.00002E-3
50.00000	376.00002E-3
50.00000	376.00002E-3
50.00000	376.00002E-3
48.00000	376.00002E-3
50.00000	384.00000E-3
50.00000	380.00003E-3
50.00000	384.00000E-3
50.00000	380.00003E-3
48.00000	380.00003E-3
50.00000	384.00000E-3
50.00000	384.00000E-3
50.00000	388.00001E-3
50.00000	388.00001E-3
50.00000	392.00002E-3
50.00000	392.00002E-3
50.00000	392.00002E-3
50.00000	392.00002E-3
50.00000	392.00002E-3
50.00000	396.00003E-3
50.00000	400.00001E-3
50.00000	400.00001E-3
50.00000	404.000014E-3
50.00000	400.00001E-3
50.00000	400.00001E-3
50.00000	404.000014E-3
50.00000	404.000014E-3
50.00000	404.000014E-3
50.00000	404.000014E-3
50.00000	408.000022E-3
50.00000	408.000022E-3
50.00000	408.000022E-3
50.00000	412.000030E-3
50.00000	412.000030E-3
50.00000	412.000030E-3
50.00000	416.000009E-3
50.00000	416.000009E-3
50.00000	416.000009E-3
50.00000	420.000017E-3
50.00000	420.000017E-3
52.00000	420.000017E-3
50.00000	420.000017E-3
52.00000	424.000025E-3
50.00000	424.000025E-3
50.00000	424.000025E-3
50.00000	424.000025E-3
50.00000	428.000033E-3
50.00000	428.000033E-3
50.00000	428.000033E-3
52.00000	432.000011E-3
52.00000	432.000011E-3
50.00000	428.000033E-3
50.00000	436.000019E-3
52.00000	436.000019E-3
50.00000	436.000019E-3
52.00000	440.000027E-3
52.00000	440.000027E-3
52.00000	444.000036E-3
52.00000	444.000036E-3
50.00000	444.000036E-3
52.00000	448.000014E-3
52.00000	448.000014E-3
52.00000	448.000014E-3
50.00000	452.000022E-3
52.00000	452.000022E-3
52.00000	452.000022E-3
50.00000	452.000022E-3
52.00000	452.000022E-3
52.00000	456.000030E-3
52.00000	456.000030E-3
52.00000	456.000030E-3
52.00000	456.000030E-3
50.00000	460.000008E-3
52.00000	464.000016E-3
52.00000	460.000008E-3
52.00000	464.000016E-3
52.00000	468.000025E-3
52.00000	468.000025E-3
52.00000	468.000025E-3
52.00000	472.000033E-3
52.00000	472.000033E-3
52.00000	472.000033E-3
52.00000	472.000033E-3
52.00000	476.000011E-3
52.00000	476.000011E-3
52.00000	480.000019E-3
52.00000	484.000027E-3
52.00000	480.000019E-3
54.00000	484.000027E-3
52.00000	484.000027E-3
52.00000	488.000035E-3
54.00000	488.000035E-3
54.00000	488.000035E-3
52.00000	488.000035E-3
52.00000	492.000014E-3
54.00000	492.000014E-3
52.00000	492.000014E-3
52.00000	492.000014E-3
52.00000	496.000022E-3
54.00000	496.000022E-3
54.00000	496.000022E-3
52.00000	496.000022E-3
54.00000	500.000000E-3
54.00000	496.000022E-3
54.00000	500.000000E-3
54.00000	504.000008E-3
54.00000	504.000008E-3
54.00000	508.000016E-3
54.00000	508.000016E-3
54.00000	508.000016E-3
54.00000	508.000016E-3
54.00000	512.000024E-3
54.00000	512.000024E-3
54.00000	512.000024E-3
54.00000	512.000024E-3
54.00000	516.000032E-3
54.00000	516.000032E-3
54.00000	516.000032E-3
54.00000	508.000016E-3
54.00000	516.000032E-3
54.00000	516.000032E-3
54.00000	516.000032E-3
54.00000	516.000032E-3
54.00000	520.000041E-3
54.00000	520.000041E-3
54.00000	520.000041E-3
54.00000	520.000041E-3
54.00000	520.000041E-3
54.00000	520.000041E-3
54.00000	520.000041E-3
54.00000	524.000049E-3
54.00000	520.000041E-3
54.00000	524.000049E-3
54.00000	524.000049E-3
56.000000	524.000049E-3
54.00000	527.999997E-3
56.000000	527.999997E-3
54.00000	524.000049E-3
54.00000	527.999997E-3
56.000000	527.999997E-3
56.000000	527.999997E-3
54.00000	527.999997E-3
56.000000	532.000005E-3
54.00000	524.000049E-3
56.000000	527.999997E-3
56.000000	527.999997E-3
56.000000	527.999997E-3
56.000000	532.000005E-3
56.000000	532.000005E-3
56.000000	532.000005E-3
56.000000	532.000005E-3
56.000000	532.000005E-3
56.000000	532.000005E-3
56.000000	532.000005E-3
56.000000	532.000005E-3
56.000000	536.000013E-3
56.000000	532.000005E-3
56.000000	536.000013E-3
56.000000	540.000021E-3
56.000000	536.000013E-3
56.000000	536.000013E-3
56.000000	536.000013E-3
56.000000	540.000021E-3
56.000000	540.000021E-3
56.000000	540.000021E-3
56.000000	536.000013E-3
56.000000	544.000030E-3
56.000000	540.000021E-3
56.000000	540.000021E-3
56.000000	540.000021E-3
56.000000	540.000021E-3
56.000000	540.000021E-3
56.000000	540.000021E-3
56.000000	544.000030E-3
56.000000	536.000013E-3
56.000000	544.000030E-3
56.000000	544.000030E-3
56.000000	548.000038E-3
56.000000	544.000030E-3
56.000000	544.000030E-3
56.000000	548.000038E-3
56.000000	552.000046E-3
56.000000	548.000038E-3
56.000000	548.000038E-3
56.000000	548.000038E-3
56.000000	552.000046E-3
58.000000	556.000054E-3
56.000000	556.000054E-3
56.000000	560.000002E-3
58.000000	560.000002E-3
56.000000	564.000010E-3
56.000000	560.000002E-3
56.000000	564.000010E-3
58.000000	568.000019E-3
56.000000	560.000002E-3
58.000000	564.000010E-3
56.000000	564.000010E-3
56.000000	564.000010E-3
58.000000	568.000019E-3
58.000000	568.000019E-3
58.000000	568.000019E-3
58.000000	568.000019E-3
56.000000	568.000019E-3
58.000000	572.000027E-3
58.000000	572.000027E-3
58.000000	572.000027E-3
56.000000	576.000035E-3
56.000000	576.000035E-3
58.000000	572.000027E-3
58.000000	580.000043E-3
58.000000	576.000035E-3
58.000000	576.000035E-3
58.000000	576.000035E-3
58.000000	580.000043E-3
58.000000	576.000035E-3
58.000000	580.000043E-3
58.000000	580.000043E-3
58.000000	580.000043E-3
58.000000	580.000043E-3
58.000000	580.000043E-3
58.000000	584.000051E-3
58.000000	580.000043E-3
58.000000	584.000051E-3
58.000000	584.000051E-3
58.000000	588.000000E-3
58.000000	588.000000E-3
58.000000	588.000000E-3
60.000000	592.000008E-3
58.000000	592.000008E-3
58.000000	588.000000E-3
58.000000	592.000008E-3
58.000000	596.000016E-3
58.000000	592.000008E-3
58.000000	592.000008E-3
58.000000	596.000016E-3
58.000000	596.000016E-3
58.000000	596.000016E-3
58.000000	596.000016E-3
60.000000	600.000024E-3
58.000000	600.000024E-3
60.000000	604.000032E-3
58.000000	600.000024E-3
58.000000	608.000040E-3
60.000000	612.000048E-3
60.000000	608.000040E-3
58.000000	612.000048E-3
60.000000	612.000048E-3
60.000000	612.000048E-3
60.000000	612.000048E-3
60.000000	616.000056E-3
60.000000	616.000056E-3
60.000000	620.000005E-3
60.000000	620.000005E-3
60.000000	616.000056E-3
60.000000	620.000005E-3
60.000000	624.000013E-3
60.000000	620.000005E-3
60.000000	624.000013E-3
60.000000	624.000013E-3
60.000000	628.000021E-3
60.000000	628.000021E-3
60.000000	628.000021E-3
60.000000	624.000013E-3
60.000000	624.000013E-3
60.000000	628.000021E-3
60.000000	632.000029E-3
60.000000	632.000029E-3
60.000000	632.000029E-3
60.000000	636.000037E-3
60.000000	636.000037E-3
60.000000	636.000037E-3
60.000000	636.000037E-3
60.000000	636.000037E-3
60.000000	640.000045E-3
60.000000	644.000053E-3
60.000000	644.000053E-3
60.000000	644.000053E-3
60.000000	644.000053E-3
60.000000	644.000053E-3
60.000000	644.000053E-3
60.000000	648.000002E-3
60.000000	648.000002E-3
60.000000	652.000010E-3
60.000000	648.000002E-3
60.000000	652.000010E-3
62.000000	656.000018E-3
60.000000	656.000018E-3
60.000000	656.000018E-3
62.000000	656.000018E-3
60.000000	656.000018E-3
60.000000	660.000026E-3
62.000000	660.000026E-3
60.000000	664.000034E-3
60.000000	664.000034E-3
60.000000	664.000034E-3
60.000000	664.000034E-3
60.000000	664.000034E-3
62.000000	668.000042E-3
60.000000	672.000051E-3
60.000000	672.000051E-3
62.000000	676.000059E-3
60.000000	676.000059E-3
60.000000	676.000059E-3
60.000000	676.000059E-3
60.000000	680.000007E-3
60.000000	680.000007E-3
60.000000	684.000015E-3
60.000000	684.000015E-3
60.000000	684.000015E-3
62.000000	684.000015E-3
62.000000	688.000023E-3
60.000000	692.000031E-3
62.000000	692.000031E-3
62.000000	692.000031E-3
62.000000	692.000031E-3
62.000000	696.000040E-3
62.000000	696.000040E-3
62.000000	696.000040E-3
62.000000	696.000040E-3
62.000000	700.000048E-3
62.000000	696.000040E-3
62.000000	696.000040E-3
62.000000	704.000056E-3
62.000000	704.000056E-3
62.000000	708.000004E-3
62.000000	708.000004E-3
62.000000	708.000004E-3
62.000000	712.000012E-3
62.000000	712.000012E-3
62.000000	716.000021E-3
62.000000	716.000021E-3
62.000000	720.000029E-3
62.000000	720.000029E-3
62.000000	720.000029E-3
62.000000	720.000029E-3
62.000000	724.000037E-3
62.000000	724.000037E-3
62.000000	728.000045E-3
62.000000	728.000045E-3
62.000000	732.000053E-3
62.000000	732.000053E-3
62.000000	732.000053E-3
62.000000	736.000061E-3
62.000000	732.000053E-3
62.000000	736.000061E-3
62.000000	736.000061E-3
62.000000	736.000061E-3
62.000000	736.000061E-3
62.000000	740.000010E-3
62.000000	740.000010E-3
62.000000	740.000010E-3
64.000000	744.000018E-3
62.000000	744.000018E-3
62.000000	748.000026E-3
62.000000	752.000034E-3
62.000000	752.000034E-3
62.000000	756.000042E-3
62.000000	756.000042E-3
64.000000	756.000042E-3
62.000000	756.000042E-3
62.000000	764.000058E-3
64.000000	768.000007E-3
62.000000	764.000058E-3
62.000000	764.000058E-3
62.000000	768.000007E-3
64.000000	772.000015E-3
62.000000	772.000015E-3
64.000000	776.000023E-3
64.000000	776.000023E-3
64.000000	780.000031E-3
64.000000	780.000031E-3
64.000000	784.000039E-3
64.000000	788.000047E-3
64.000000	788.000047E-3
64.000000	788.000047E-3
64.000000	792.000055E-3
64.000000	792.000055E-3
64.000000	800.000012E-3
64.000000	800.000012E-3
64.000000	800.000012E-3
64.000000	800.000012E-3
64.000000	804.000020E-3
64.000000	804.000020E-3
64.000000	804.000020E-3
64.000000	808.000028E-3
64.000000	812.000036E-3
64.000000	816.000044E-3
64.000000	816.000044E-3
64.000000	816.000044E-3
64.000000	820.000052E-3
64.000000	828.000069E-3
64.000000	828.000069E-3
64.000000	832.000017E-3
64.000000	832.000017E-3
64.000000	832.000017E-3
64.000000	836.000025E-3
66.000000	840.000033E-3
66.000000	840.000033E-3
64.000000	844.000041E-3
64.000000	844.000041E-3
64.000000	848.000050E-3
66.000000	848.000050E-3
64.000000	852.000058E-3
66.000000	856.000066E-3
66.000000	856.000066E-3
66.000000	860.000014E-3
66.000000	860.000014E-3
66.000000	864.000022E-3
66.000000	868.000031E-3
66.000000	864.000022E-3
66.000000	872.000039E-3
64.000000	872.000039E-3
66.000000	876.000047E-3
66.000000	876.000047E-3
66.000000	880.000055E-3
66.000000	880.000055E-3
66.000000	884.000063E-3
66.000000	888.000071E-3
66.000000	892.000020E-3
66.000000	892.000020E-3
66.000000	896.000028E-3
66.000000	900.000036E-3
66.000000	900.000036E-3
66.000000	900.000036E-3
66.000000	900.000036E-3
66.000000	900.000036E-3
66.000000	900.000036E-3
66.000000	900.000036E-3
66.000000	900.000036E-3
66.000000	900.000036E-3
66.000000	900.000036E-3
66.000000	900.000036E-3
66.000000	900.000036E-3
66.000000	900.000036E-3
66.000000	900.000036E-3
66.000000	900.000036E-3
66.000000	900.000036E-3
66.000000	900.000036E-3
66.000000	900.000036E-3
66.000000	900.000036E-3
66.000000	900.000036E-3
66.000000	900.000036E-3
66.000000	900.000036E-3
68.000000	900.000036E-3
66.000000	900.000036E-3
68.000000	900.000036E-3
68.000000	900.000036E-3
66.000000	900.000036E-3
66.000000	900.000036E-3
66.000000	900.000036E-3
66.000000	900.000036E-3
66.000000	900.000036E-3
68.000000	900.000036E-3
66.000000	900.000036E-3
68.000000	900.000036E-3
66.000000	900.000036E-3
68.000000	900.000036E-3
66.000000	900.000036E-3
68.000000	900.000036E-3
68.000000	900.000036E-3
68.000000	900.000036E-3
68.000000	900.000036E-3
66.000000	900.000036E-3
68.000000	900.000036E-3
68.000000	900.000036E-3
68.000000	900.000036E-3
68.000000	900.000036E-3
68.000000	900.000036E-3
68.000000	900.000036E-3
68.000000	900.000036E-3
68.000000	900.000036E-3
68.000000	900.000036E-3
68.000000	900.000036E-3
68.000000	900.000036E-3
68.000000	900.000036E-3
68.000000	900.000036E-3
68.000000	900.000036E-3
68.000000	900.000036E-3
68.000000	900.000036E-3
68.000000	900.000036E-3
68.000000	900.000036E-3
68.000000	900.000036E-3
70.000000	900.000036E-3
68.000000	900.000036E-3
68.000000	900.000036E-3
68.000000	900.000036E-3
68.000000	900.000036E-3
68.000000	900.000036E-3
70.000000	900.000036E-3
68.000000	900.000036E-3
70.000000	900.000036E-3
70.000000	900.000036E-3
68.000000	900.000036E-3
68.000000	900.000036E-3
68.000000	900.000036E-3
68.000000	900.000036E-3
70.000000	900.000036E-3
68.000000	900.000036E-3
70.000000	900.000036E-3
68.000000	900.000036E-3
68.000000	900.000036E-3
70.000000	900.000036E-3
68.000000	900.000036E-3
70.000000	900.000036E-3
70.000000	900.000036E-3
70.000000	900.000036E-3
70.000000	900.000036E-3
70.000000	900.000036E-3
70.000000	900.000036E-3
68.000000	900.000036E-3
70.000000	900.000036E-3
70.000000	900.000036E-3
70.000000	900.000036E-3
70.000000	900.000036E-3
70.000000	900.000036E-3
70.000000	900.000036E-3
70.000000	900.000036E-3
70.000000	900.000036E-3
70.000000	900.000036E-3
70.000000	900.000036E-3
70.000000	900.000036E-3
70.000000	900.000036E-3
70.000000	900.000036E-3
70.000000	900.000036E-3
70.000000	900.000036E-3
70.000000	900.000036E-3
70.000000	900.000036E-3
70.000000	900.000036E-3
70.000000	900.000036E-3
70.000000	900.000036E-3
70.000000	900.000036E-3
70.000000	900.000036E-3
70.000000	900.000036E-3
72.000000	900.000036E-3
70.000000	900.000036E-3
70.000000	900.000036E-3
72.000000	900.000036E-3
72.000000	900.000036E-3
70.000000	900.000036E-3
70.000000	900.000036E-3
70.000000	900.000036E-3
72.000000	900.000036E-3
72.000000	900.000036E-3
72.000000	900.000036E-3
72.000000	900.000036E-3
70.000000	900.000036E-3
72.000000	900.000036E-3
72.000000	900.000036E-3
72.000000	900.000036E-3
70.000000	900.000036E-3
72.000000	900.000036E-3
72.000000	900.000036E-3
72.000000	900.000036E-3
72.000000	900.000036E-3
72.000000	900.000036E-3
72.000000	900.000036E-3
72.000000	900.000036E-3
72.000000	900.000036E-3
72.000000	900.000036E-3
72.000000	900.000036E-3
70.000000	900.000036E-3
72.000000	900.000036E-3
72.000000	900.000036E-3
72.000000	900.000036E-3
72.000000	900.000036E-3
72.000000	900.000036E-3
72.000000	900.000036E-3
72.000000	900.000036E-3
72.000000	900.000036E-3
72.000000	900.000036E-3
72.000000	900.000036E-3
72.000000	900.000036E-3
72.000000	900.000036E-3
72.000000	900.000036E-3
72.000000	900.000036E-3
72.000000	900.000036E-3
72.000000	900.000036E-3
72.000000	900.000036E-3
72.000000	900.000036E-3
74.000000	900.000036E-3
74.000000	900.000036E-3
74.000000	900.000036E-3
72.000000	900.000036E-3
72.000000	900.000036E-3
72.000000	900.000036E-3
74.000000	900.000036E-3
74.000000	900.000036E-3
74.000000	900.000036E-3
72.000000	900.000036E-3
74.000000	900.000036E-3
74.000000	900.000036E-3
74.000000	900.000036E-3
74.000000	900.000036E-3
72.000000	900.000036E-3
74.000000	900.000036E-3
74.000000	900.000036E-3
74.000000	900.000036E-3
74.000000	900.000036E-3
74.000000	900.000036E-3
74.000000	900.000036E-3
74.000000	900.000036E-3
74.000000	900.000036E-3
74.000000	900.000036E-3
74.000000	900.000036E-3
74.000000	900.000036E-3
74.000000	900.000036E-3
74.000000	900.000036E-3
74.000000	900.000036E-3
74.000000	900.000036E-3
74.000000	900.000036E-3
76.000000	900.000036E-3
74.000000	900.000036E-3
74.000000	900.000036E-3
76.000000	900.000036E-3
74.000000	900.000036E-3
74.000000	900.000036E-3
76.000000	900.000036E-3
76.000000	900.000036E-3
74.000000	900.000036E-3
76.000000	900.000036E-3
76.000000	900.000036E-3
74.000000	900.000036E-3
76.000000	900.000036E-3
76.000000	900.000036E-3
74.000000	900.000036E-3
76.000000	900.000036E-3
76.000000	900.000036E-3
76.000000	900.000036E-3
76.000000	900.000036E-3
74.000000	900.000036E-3
76.000000	900.000036E-3
76.000000	900.000036E-3
76.000000	900.000036E-3
76.000000	900.000036E-3
76.000000	900.000036E-3
76.000000	900.000036E-3
76.000000	900.000036E-3
76.000000	900.000036E-3
76.000000	900.000036E-3
76.000000	900.000036E-3
76.000000	900.000036E-3
76.000000	900.000036E-3
76.000000	900.000036E-3
76.000000	900.000036E-3
76.000000	900.000036E-3
76.000000	900.000036E-3
76.000000	900.000036E-3
76.000000	900.000036E-3
76.000000	900.000036E-3
76.000000	900.000036E-3
76.000000	900.000036E-3
76.000000	900.000036E-3
76.000000	900.000036E-3
76.000000	900.000036E-3
76.000000	900.000036E-3
76.000000	900.000036E-3
76.000000	900.000036E-3
78.000000	900.000036E-3
76.000000	900.000036E-3
76.000000	900.000036E-3
76.000000	900.000036E-3
76.000000	900.000036E-3
76.000000	900.000036E-3
76.000000	900.000036E-3
76.000000	900.000036E-3
76.000000	900.000036E-3
76.000000	900.000036E-3
76.000000	900.000036E-3
76.000000	900.000036E-3
76.000000	900.000036E-3
76.000000	900.000036E-3
76.000000	900.000036E-3
76.000000	900.000036E-3
78.000000	900.000036E-3
76.000000	900.000036E-3
78.000000	900.000036E-3
78.000000	900.000036E-3
78.000000	900.000036E-3
78.000000	900.000036E-3
78.000000	900.000036E-3
78.000000	900.000036E-3
76.000000	900.000036E-3
76.000000	900.000036E-3
76.000000	900.000036E-3
78.000000	900.000036E-3
78.000000	900.000036E-3
78.000000	900.000036E-3
78.000000	900.000036E-3
78.000000	900.000036E-3
78.000000	900.000036E-3
78.000000	900.000036E-3
78.000000	900.000036E-3
78.000000	900.000036E-3
78.000000	900.000036E-3
78.000000	900.000036E-3
78.000000	900.000036E-3
78.000000	900.000036E-3
78.000000	900.000036E-3
78.000000	900.000036E-3
78.000000	900.000036E-3
78.000000	900.000036E-3
78.000000	900.000036E-3
78.000000	900.000036E-3
78.000000	900.000036E-3
78.000000	900.000036E-3
78.000000	900.000036E-3
78.000000	900.000036E-3
78.000000	900.000036E-3
78.000000	900.000036E-3
78.000000	900.000036E-3
78.000000	900.000036E-3
78.000000	900.000036E-3
78.000000	900.000036E-3
78.000000	900.000036E-3
78.000000	900.000036E-3
78.000000	900.000036E-3
80.000000	900.000036E-3
78.000000	900.000036E-3
80.000000	900.000036E-3
78.000000	900.000036E-3
78.000000	900.000036E-3
78.000000	900.000036E-3
78.000000	900.000036E-3
78.000000	900.000036E-3
78.000000	900.000036E-3
78.000000	900.000036E-3
80.000000	900.000036E-3
78.000000	900.000036E-3
80.000000	900.000036E-3
78.000000	900.000036E-3
80.000000	900.000036E-3
80.000000	900.000036E-3
80.000000	900.000036E-3
78.000000	900.000036E-3
80.000000	900.000036E-3
78.000000	900.000036E-3
80.000000	900.000036E-3
80.000000	900.000036E-3
80.000000	900.000036E-3
80.000000	900.000036E-3
80.000000	900.000036E-3
80.000000	900.000036E-3
80.000000	900.000036E-3
80.000000	900.000036E-3
80.000000	900.000036E-3
80.000000	900.000036E-3
80.000000	900.000036E-3
80.000000	900.000036E-3
80.000000	900.000036E-3
80.000000	900.000036E-3
80.000000	900.000036E-3
80.000000	900.000036E-3
80.000000	900.000036E-3
80.000000	900.000036E-3
80.000000	900.000036E-3
80.000000	900.000036E-3
80.000000	900.000036E-3
80.000000	900.000036E-3
80.000000	900.000036E-3
80.000000	900.000036E-3
80.000000	900.000036E-3
80.000000	900.000036E-3
80.000000	900.000036E-3
80.000000	900.000036E-3
80.000000	900.000036E-3
80.000000	900.000036E-3
80.000000	900.000036E-3
80.000000	900.000036E-3
80.000000	900.000036E-3
80.000000	900.000036E-3
80.000000	900.000036E-3
80.000000	900.000036E-3
80.000000	900.000036E-3
80.000000	900.000036E-3
80.000000	900.000036E-3
80.000000	900.000036E-3
82.000000	900.000036E-3
80.000000	900.000036E-3
80.000000	900.000036E-3
80.000000	900.000036E-3
82.000000	900.000036E-3
80.000000	900.000036E-3
82.000000	900.000036E-3
82.000000	900.000036E-3
82.000000	900.000036E-3
80.000000	900.000036E-3
80.000000	900.000036E-3
82.000000	900.000036E-3
82.000000	900.000036E-3
80.000000	900.000036E-3
82.000000	900.000036E-3
80.000000	900.000036E-3
82.000000	900.000036E-3
82.000000	900.000036E-3
80.000000	900.000036E-3
82.000000	900.000036E-3
82.000000	900.000036E-3
82.000000	900.000036E-3
82.000000	900.000036E-3
82.000000	900.000036E-3
82.000000	900.000036E-3
82.000000	900.000036E-3
82.000000	900.000036E-3
82.000000	900.000036E-3
82.000000	900.000036E-3
