8 1023
220 1008
432 995
644 984
860 972
1076 960
1288 945
1500 935
1712 924
1924 911
2144 899
2356 896
2568 880
2780 865
2992 856
3212 846
3424 831
3636 824
3848 816
4060 799
4280 793
4492 783
4704 771
4916 768
5136 768
5348 743
5560 736
5772 728
5984 718
6204 707
6416 704
6628 689
6840 679
7052 671
7272 664
7484 655
7696 639
7908 639
8120 632
8340 624
8552 615
8764 608
8976 600
9192 591
9404 583
9620 575
9832 572
10044 568
10260 558
10472 547
10684 543
10900 536
11112 527
11328 519
11540 515
11752 510
11964 504
12180 496
12396 487
12608 483
12820 480
13032 472
13248 465
13464 462
13676 455
13888 448
14100 448
14320 440
14532 432
14744 428
14956 423
15168 415
15388 412
15600 408
15812 399
16024 396
16236 391
16456 385
16668 384
16880 384
17092 376
17304 368
17524 359
17736 355
17948 352
18160 352
18372 344
18592 339
18804 335
19016 327
19228 327
19448 319
19660 319
19872 316
20084 312
20296 307
20512 304
20728 300
20940 295
21152 287
21364 287
21580 286
21792 281
22008 280
22220 271
22432 271
22648 255
22864 255
23076 255
23288 255
23500 255
23720 252
23932 248
24144 248
24356 241
24572 240
24784 236
24996 231
25212 231
25424 227
25640 224
25852 224
26064 220
26276 216
26492 216
26708 207
26920 207
27132 206
27344 199
27560 199
27776 195
27988 195
28200 192
28412 192
28624 192
28844 188
29056 184
29268 184
29480 179
29700 176
29912 176
30124 174
30336 167
30548 167
30768 163
30980 163
31192 159
31404 159
31616 159
31836 156
32048 156
32260 152
32472 152
32684 147
32904 145
33116 143
33328 143
33540 142
33752 135
33968 135
34180 135
34392 127
34604 127
34824 127
35036 127
35248 127
35460 127
35672 126
35892 124
36104 120
36316 120
36528 120
36740 120
36960 113
37172 112
37384 112
37596 112
37808 112
38028 110
38240 103
38452 103
38664 103
38876 103
39096 99
39308 99
39520 97
39732 97
39948 96
40160 96
40376 96
40588 96
40800 92
41016 92
41228 88
41440 88
41656 88
41868 88
42084 88
42296 83
42508 81
42720 79
42936 79
43152 79
43364 79
43576 79
43788 78
44008 76
44220 71
44432 71
44644 71
44856 71
45076 71
45288 71
45500 67
45712 67
45924 63
46144 63
46356 63
46568 63
46780 63
46992 63
47212 63
47424 63
47636 62
47848 60
48060 60
48280 60
48492 60
48704 56
48916 56
49136 56
49348 56
49560 56
49772 56
49984 56
50204 51
50416 51
50628 49
50840 49
51052 49
51268 48
51484 48
51696 48
51908 48
52120 48
52336 48
52548 46
52764 46
52976 46
53188 44
