16 0
228 14
440 24
652 39
868 49
1080 63
1292 71
1508 88
1720 97
1936 112
2148 124
2360 127
2572 143
2788 156
3004 167
3216 176
3428 192
3640 195
3856 207
4072 220
4284 227
4496 240
4708 248
4928 255
5140 255
5352 280
5564 287
5776 295
5996 304
6208 316
6420 319
6632 327
6844 344
7064 352
7276 355
7488 368
7700 376
7912 384
8132 391
8344 399
8556 408
8768 415
8980 419
9200 430
9412 440
9624 448
9836 449
10056 455
10268 463
10480 472
10692 480
10904 483
11124 494
11336 497
11548 508
11760 512
11972 519
12192 526
12404 529
12616 536
12828 543
13040 547
13260 556
13472 560
13684 568
13896 572
14108 575
14324 575
14536 590
14748 591
14960 600
15180 608
15392 609
15604 615
15816 620
16028 624
16248 632
16460 636
16672 639
16884 639
17096 639
17316 655
17528 655
17740 664
17952 668
18164 671
18384 671
18596 679
18808 688
19020 688
19232 696
19448 704
19660 704
19876 705
20088 711
20304 711
20516 719
20728 719
20940 728
21156 728
21372 736
21584 736
21796 739
22008 743
22224 768
22440 768
22652 768
22864 768
23076 768
23288 768
23508 768
23720 769
23932 775
24144 775
24364 780
24576 783
24788 783
25000 792
25212 792
25432 796
25644 798
25856 799
26068 799
26280 807
26500 807
26712 812
26924 816
27136 816
27348 817
27568 824
27780 824
27992 828
28204 830
28416 831
28636 831
28848 831
29060 831
29272 839
29488 844
29704 846
29916 847
30128 847
30340 856
30556 856
30768 856
30984 860
31196 864
31408 864
31624 864
31836 865
32048 867
32264 871
32476 871
32692 876
32904 876
33116 880
33328 880
33544 880
33760 888
33972 888
34184 896
34396 896
34616 896
34828 896
35040 896
35252 896
35464 896
35684 897
35896 897
36108 899
36320 903
36532 903
36752 903
36964 908
37176 908
37388 910
37600 911
37820 911
38032 911
38244 920
38456 920
38668 920
38888 920
39100 920
39312 924
39524 924
39744 924
39956 926
40168 927
40380 927
40592 927
40812 927
41024 927
41236 931
41448 935
41660 935
41876 935
42092 935
42304 937
42516 940
42728 940
42944 942
43156 944
43372 944
43584 944
43796 944
44012 945
44224 952
44436 952
44652 952
44868 952
45080 952
45292 952
45504 952
45716 952
45936 960
46148 960
46360 960
46572 960
46784 960
47004 960
47216 960
47428 960
47640 960
47852 961
48072 961
48284 963
48496 963
48708 963
48924 963
49140 967
49352 967
49564 967
49776 967
49996 967
50208 967
50420 972
50632 972
50844 972
51064 972
51276 974
51488 974
51700 975
51912 975
52132 975
52344 975
52556 975
52768 975
52980 975
53200 975
