20 384
80 280
144 192
208 112
276 48
336 15
400 15
460 48
524 96
588 159
648 252
712 352
772 449
836 551
896 639
960 768
1020 783
1084 824
1148 831
1208 824
1276 775
1340 736
1400 639
1464 547
1528 451
1588 384
1652 255
1712 192
1776 127
1836 96
1900 63
1964 63
2024 96
2088 142
2148 224
2212 287
2280 384
2344 480
2404 572
2468 639
2528 707
2592 768
2652 782
2716 783
2776 768
2840 768
2904 671
2964 608
3028 513
3088 448
3152 352
3212 255
3276 192
3344 143
3408 120
3468 112
3532 120
3592 143
3656 192
3720 255
3780 332
3844 415
3904 496
3968 574
4028 639
4092 704
4152 768
4216 768
4280 768
4348 736
4408 675
4472 632
4532 560
4596 480
4660 403
4720 327
4784 255
4844 224
4908 192
4968 143
5032 140
5096 156
5156 192
5220 240
5280 287
5348 384
5412 448
5476 511
5536 575
5600 636
5660 671
5724 704
5784 711
5848 704
5908 704
5972 639
6036 590
6096 527
6160 460
6220 391
6284 327
6344 263
6416 224
6476 192
6540 192
6600 192
6664 192
6724 240
6788 271
6852 327
6912 387
6976 451
7036 513
7100 574
7160 624
7224 654
7284 671
7348 704
7416 670
7480 639
7540 608
7604 560
7664 504
7728 448
7792 384
7852 319
7916 271
7976 240
8040 224
8100 199
8164 224
8228 224
8288 255
8352 304
8420 384
8480 415
8544 480
8608 524
8668 574
8732 624
8792 639
8856 652
8916 652
8980 639
9040 624
9104 575
9168 527
9228 480
9292 422
9352 384
9416 319
9480 284
9544 254
9608 240
9668 240
9732 240
9792 255
9856 287
9916 327
9980 384
10044 448
10104 480
10168 519
10228 568
10292 608
10352 624
10416 632
10484 632
10548 608
10608 575
10672 543
10732 508
10796 455
10856 412
10920 384
10984 319
11044 287
11108 263
11168 255
11232 254
11292 255
11356 286
11416 318
11488 384
11548 399
11612 448
11672 496
11736 526
11796 568
11860 583
11924 608
11984 608
12048 608
12108 583
12172 560
12232 524
12296 496
12360 448
12420 399
12484 384
12552 319
12612 304
12676 284
12740 271
12800 273
12864 287
12924 316
12988 352
13048 384
13112 415
13172 451
13236 496
13300 524
13360 560
13424 575
13484 583
13552 583
13616 575
13680 568
13740 536
13804 508
13864 480
13928 448
13988 391
14052 384
14116 327
14176 312
14240 291
14300 287
14364 291
14424 312
14488 327
14556 384
14620 391
14680 448
14744 480
14804 504
14868 524
14928 543
14992 568
15056 574
15116 572
15180 568
15240 543
15304 515
15364 496
15428 455
15492 419
15552 387
15620 384
15684 335
15744 319
15808 312
15872 312
15932 316
15996 326
