20 415
84 384
148 319
208 271
272 224
332 192
396 143
456 120
520 96
584 62
644 48
708 30
768 24
832 17
892 28
956 31
1016 56
1088 71
1148 112
1212 127
1272 163
1336 224
1396 252
1460 287
1524 352
1584 384
1648 448
1708 480
1772 524
1832 574
1896 624
1960 647
2020 704
2088 768
2152 768
2212 771
2276 796
2340 803
2400 816
2464 824
2524 816
2588 799
2648 796
2712 771
2772 768
2836 768
2900 704
2960 655
3024 624
3092 575
3152 536
3216 496
3280 448
3340 408
3404 384
3464 319
3528 286
3588 252
3652 224
3716 192
3776 158
3840 127
3900 120
3964 97
4024 96
4088 96
4156 96
4220 96
4280 112
4344 124
4404 135
4468 159
4528 192
4592 224
4656 255
4716 287
4780 327
4840 384
4904 408
4964 448
5028 496
5092 524
5160 568
5220 608
5284 636
5344 655
5408 704
5472 705
5532 768
5596 768
5656 768
5720 768
5780 768
5844 768
5904 768
5968 768
6032 711
6092 704
6160 668
6224 639
6284 608
6348 575
6412 543
6472 510
6536 480
6596 448
6660 398
6720 384
6784 327
6848 295
6908 255
6972 240
7032 224
7096 192
7156 192
7228 159
7288 143
7352 142
7412 135
7476 143
7536 147
7600 159
7660 192
7724 192
7788 224
7848 240
7912 255
7972 287
8036 319
8096 384
8160 385
8228 448
8292 455
8352 496
8416 519
8476 560
8540 575
8604 608
8664 636
8728 652
8788 671
8852 704
8912 704
8976 704
9036 704
9100 704
9164 704
9232 704
9292 675
9356 664
9416 639
9480 632
9544 608
9604 574
9668 543
9728 513
9792 496
9852 451
9916 419
9980 391
10040 384
10104 334
10164 312
10228 286
10292 255
10356 248
10420 224
10480 224
10544 195
10604 192
10668 192
10728 192
10792 192
10856 193
10916 224
10980 224
11040 240
11104 255
11164 271
11228 304
11296 319
11360 352
11420 384
11484 408
11544 448
11608 480
11668 496
11732 515
11796 543
11856 572
11920 588
11980 608
12044 632
12104 639
12168 647
12228 655
12300 664
12360 668
12424 664
12484 655
12548 639
12608 639
12672 632
12736 608
12796 588
12860 572
12920 543
12984 519
13044 504
13108 480
13168 448
13232 415
13296 391
13364 384
13424 352
13488 319
13548 304
13612 280
13676 255
13736 252
13800 248
13860 240
13924 224
13984 224
14048 224
14108 240
14172 240
14236 248
14296 255
14364 271
14428 287
14488 312
14552 327
14616 352
14676 384
14740 391
14800 415
14864 448
14924 480
14988 496
15052 512
15112 536
15176 551
15236 574
15300 583
15368 608
15432 624
15492 624
15556 632
15616 632
15680 632
15740 632
15804 624
15864 624
15928 608
15992 590
