20 412
84 327
144 255
212 192
276 127
340 96
400 60
464 33
524 31
588 35
648 62
712 96
772 135
836 192
900 255
960 319
1024 398
1084 480
1148 543
1216 624
1280 671
1340 768
1404 768
1464 796
1528 816
1588 816
1652 799
1716 782
1776 768
1840 704
1900 647
1964 591
2024 527
2088 457
2148 391
2220 319
2280 255
2344 224
2404 159
2468 126
2528 97
2592 96
2656 96
2716 96
2780 120
2840 147
2904 192
2964 248
3028 295
3092 384
3152 415
3216 480
3284 547
3344 608
3408 655
3472 704
3532 768
3596 768
3656 768
3720 768
3780 768
3844 768
3904 704
3968 655
4032 609
4092 560
4156 504
4216 448
4284 384
4348 319
4412 270
4472 224
4536 192
4596 159
4660 135
4720 127
4784 127
4848 140
4908 159
4972 192
5032 240
5096 280
5156 323
5220 384
5288 448
5352 504
5412 543
5476 608
5536 638
5600 671
5660 704
5724 711
5788 768
5848 736
5912 705
5972 704
6036 655
6096 624
6160 575
6224 527
6284 480
6352 419
6416 384
6476 319
6540 280
6604 248
6664 224
6728 192
6788 192
6852 159
6912 167
6976 192
7036 199
7100 240
7164 263
7224 312
7288 384
7356 399
7416 451
7480 504
7544 543
7604 583
7668 624
7728 639
7792 671
7852 704
7916 704
7980 704
8040 671
8104 647
8164 632
8228 588
8288 547
8356 508
8420 455
8484 414
8544 384
8608 327
8668 287
8732 255
8792 240
8856 224
8920 199
8980 195
9044 199
9104 224
9168 240
9228 255
9292 291
9356 327
9424 384
9484 415
9548 455
9608 504
9672 542
9736 575
9796 608
9860 632
9920 639
9984 652
10044 655
10108 639
10168 639
10232 624
10296 591
10356 568
10424 519
10488 496
10548 448
10612 408
10676 384
10736 332
10800 304
10860 271
10924 255
10984 248
11048 240
11112 240
11172 240
11236 252
11296 263
11360 287
11420 319
11492 384
11552 391
11616 448
11676 480
11740 508
11800 536
11864 568
11924 588
11988 608
12052 624
12112 632
12176 632
12236 624
12300 608
12360 588
12424 568
12492 536
12556 508
12616 480
12680 448
12740 399
12804 384
12868 335
12928 316
12992 287
13052 270
13116 255
13176 255
13240 255
13300 255
13364 271
13428 287
13496 319
13556 352
13620 384
13680 408
13744 448
13808 480
13868 508
13932 527
13992 560
14056 575
14116 590
14180 608
14244 608
14304 608
14368 608
14428 575
14492 568
14560 542
14624 512
14684 496
14748 455
14808 448
14872 391
14932 384
14996 352
15056 319
15120 304
15184 287
15244 280
15308 275
15368 280
15432 287
15492 304
15564 319
15624 352
15688 384
15748 387
15812 415
15872 448
15936 480
16000 504
