20 448
88 384
152 327
212 287
276 252
336 224
400 192
460 152
524 126
584 112
648 96
712 71
772 67
836 67
896 71
960 96
1020 96
1092 124
1152 142
1216 192
1276 199
1340 240
1400 271
1464 316
1528 352
1588 391
1652 448
1712 480
1776 513
1836 560
1900 608
1960 632
2024 655
2092 704
2156 711
2216 768
2280 768
2340 768
2404 768
2468 768
2528 768
2592 768
2652 768
2716 768
2776 707
2840 704
2904 655
2964 632
3028 608
3088 568
3156 519
3220 480
3284 448
3344 408
3408 384
3468 327
3532 304
3592 255
3656 240
3716 224
3780 192
3844 163
3904 152
3968 135
4028 127
4092 127
4160 127
4224 127
4284 143
4348 159
4408 192
4472 195
4532 224
4596 254
4660 280
4720 316
4784 352
4844 384
4908 415
4968 448
5032 480
5092 513
5164 551
5224 575
5288 608
5348 638
5412 655
5472 671
5536 704
5600 704
5660 711
5724 716
5784 716
5848 711
5908 704
5972 704
6036 675
6096 655
6160 639
6228 624
6288 583
6352 560
6416 527
6476 504
6540 480
6600 448
6664 399
6724 384
6788 352
6848 316
6912 286
6976 255
7036 248
7100 224
7160 199
7228 192
7292 192
7356 192
7416 192
7480 192
7540 192
7604 193
7664 224
7728 224
7792 248
7852 255
7916 287
7976 316
8040 352
8100 384
8164 398
8224 448
8296 455
8356 496
8420 513
8480 543
8544 572
8604 590
8668 608
8732 632
8792 639
8856 655
8916 664
8980 671
9040 671
9104 671
9168 668
9228 655
9296 639
9360 636
9420 624
9484 608
9548 575
9608 560
9672 527
9732 508
9796 480
9856 448
9920 423
9980 396
10044 384
10108 352
10168 319
10232 304
10300 280
10360 255
10424 252
10488 240
10548 240
10612 224
10672 224
10736 224
10796 224
10860 240
10924 240
10984 252
11048 255
11108 280
11172 304
11232 319
11296 352
11364 384
11428 387
11488 415
11552 448
11612 480
11676 496
11736 511
11800 527
11864 547
11924 574
11988 583
12048 608
12112 624
12172 624
12236 632
12300 636
12368 638
12428 636
12492 632
12552 624
12616 608
12680 608
12740 579
12804 572
12864 550
12928 527
12988 510
13052 496
13112 480
13176 448
13240 415
13300 396
13368 384
13432 352
13492 332
13556 318
13620 304
13680 287
13744 271
13804 255
13868 255
13928 255
13992 254
14056 255
14116 255
14180 255
14240 271
14304 284
14364 295
14436 316
14496 319
14560 352
14620 384
14684 384
14744 399
14808 423
14868 448
14932 480
14996 496
15056 508
15120 519
15180 540
15244 560
15304 572
15368 575
15436 588
15500 608
15560 608
15624 608
15684 608
15748 608
15812 608
15872 583
15936 575
15996 572
