-3.7000000000000002 -4.2e-07 5.0008399999999995e-08 0.028500000000000004
-3.8599999999999999 -3.9e-07 5.0007799999999996e-08 0.0293
-4.5099999999999998 -4.6000000000000001e-07 5.0009199999999999e-08 0.032550000000000003
-5.0999999999999996 -5.1999999999999996e-07 5.0010399999999998e-08 0.035499999999999997
-6.3200000000000003 -6.3999999999999996e-07 5.0012799999999995e-08 0.041600000000000005
-8.4100000000000001 -8.4999999999999996e-07 5.0016999999999997e-08 0.052050000000000006
-10.25 -1.0399999999999999e-06 5.0020799999999998e-08 0.061249999999999999
-13.51 -1.3600000000000001e-06 5.0027199999999999e-08 0.077549999999999994
-15.48 -1.56e-06 5.0031199999999997e-08 0.087399999999999992
-16.719999999999999 -1.69e-06 5.0033799999999999e-08 0.093599999999999989
-21.100000000000001 -2.1299999999999999e-06 5.0042599999999998e-08 0.20550000000000002
-26.5 -2.6799999999999998e-06 5.0053599999999998e-08 0.23250000000000001
-29.800000000000001 -3.0100000000000002e-06 5.0060199999999997e-08 0.249
