1023
1023
1023
1023
1023
1023
1023
1023
1023
1023
1023
1023
1023
1023
1023
1023
1023
1023
1023
1023
1023
1023
1023
1023
1023
1023
1023
1023
1023
1023
1023
1023
1023
1023
1018
1023
1023
1023
1023
1023
1023
1023
1023
1023
1023
1023
1023
1023
1023
1023
1023
1023
1023
1023
1023
1023
1023
1023
1023
1023
1023
1023
1023
1004
1023
997
1023
1007
1023
997
1023
1023
1023
1020
1023
1023
1023
997
660
361
443
375
583
420
576
397
585
400
592
417
619
412
621
442
716
488
633
402
643
436
703
464
743
508
757
508
775
523
786
530
779
562
751
575
746
592
790
645
830
679
778
661
748
670
754
685
771
705
784
713
788
725
791
737
792
741
793
752
792
768
802
780
803
796
806
809
812
822
818
833
824
849
828
860
834
872
838
883
844
894
849
905
859
921
867
935
864
938
875
943
882
951
883
956
892
968
914
995
930
1023
933
1023
939
1023
936
1023
936
1023
952
1023
946
1023
950
1023
964
1023
960
1023
959
1023
945
1023
926
1012
927
1009
931
1006
937
1009
947
1012
949
1010
952
1013
935
971
923
962
922
966
911
938
904
930
897
918
898
913
895
909
892
904
898
903
901
892
908
901
915
896
922
906
926
905
928
909
946
917
948
915
961
922
971
932
985
943
1001
949
1006
951
1020
955
1023
961
1023
958
1023
964
1023
959
1023
960
1023
970
1023
945
1006
928
995
909
980
900
974
894
964
882
971
878
972
881
968
882
962
886
961
889
958
895
969
910
975
914
980
920
981
923
985
933
987
935
977
932
970
933
964
937
957
936
951
935
933
936
927
934
916
933
911
938
911
927
888
916
874
906
861
896
844
900
848
913
855
929
868
950
873
956
880
966
887
973
895
982
895
987
900
991
904
999
909
1007
916
1017
918
1023
920
1023
921
1023
928
1023
928
1023
928
1023
933
1023
930
1023
931
1023
936
1023
935
1023
940
1023
944
1023
943
1023
943
1023
953
1023
958
1023
964
1023
982
1023
1007
1023
1023
1023
1023
1023
1023
1023
1023
1023
1023
1023
1023
1023
1023
1023
1023
1023
1023
1023
1023
1023
1023
1023
1023
1023
1023
1017
1023
1014
1023
1022
1023
1023
1023
1012
1023
1014
1023
1012
1023
1008
1023
988
1023
982
1023
977
1023
954
1023
943
1023
948
1023
954
1023
950
1023
954
1023
956
1023
955
1023
956
1023
957
1023
958
1023
959
1023
963
1023
970
1023
973
1023
976
1023
968
1023
971
1023
971
1023
972
1023
974
1018
978
1010
988
1020
1005
1017
1016
1018
1018
1004
1015
998
1019
995
1023
990
1023
986
1023
982
1023
980
1023
975
1023
972
1023
972
1023
990
1023
996
1023
988
1023
982
1023
967
1023
956
1023
951
1023
955
1023
957
1023
950
1023
932
1023
925
1023
931
1023
928
1023
932
1023
932
1023
923
1023
922
1023
921
1023
924
1023
918
1023
924
1023
930
1023
928
1023
948
1023
960
1023
964
1023
962
1023
956
1023
968
1016
961
993
969
981
968
971
971
962
969
959
974
961
988
963
998
958
1007
962
1023
961
1023
952
1023
940
1023
929
1023
925
1023
916
1023
915
1023
910
1023
904
1023
892
1023
879
1023
872
1011
868
996
867
974
862
961
856
942
856
941
840
935
843
942
852
930
856
921
854
907
857
896
868
891
877
887
884
888
906
890
921
876
921
870
934
857
933
857
937
850
940
837
941
831
948
830
953
826
965
818
969
811
979
809
978
816
991
824
995
826
1005
839
1016
845
1023
858
1023
862
1023
859
1023
872
1023
874
1023
885
1023
889
1023
892
1023
900
1023
899
1023
883
1023
866
1023
857
1009
849
990
848
975
848
967
847
970
859
971
856
959
857
952
855
939
866
945
876
933
879
919
875
903
884
895
893
888
903
882
906
874
914
872
922
869
933
868
941
867
952
866
961
862
973
857
984
857
994
851
1000
853
1004
853
1009
848
1010
846
1012
844
1014
842
1014
841
1016
839
1022
841
1023
839
1020
839
1022
835
1017
835
1023
852
1023
854
1023
846
1014
837
1008
839
1003
850
1003
858
1001
863
994
864
986
870
986
872
988
877
984
882
978
889
971
885
960
888
951
897
939
900
933
896
918
906
911
908
907
917
896
923
890
931
889
936
882
941
880
948
879
956
872
967
869
973
864
984
859
989
857
993
855
992
855
999
848
1000
845
1003
842
1006
847
1012
845
1013
846
1013
843
1016
841
1022
836
1017
832
1017
831
1014
830
1010
831
1004
830
997
832
989
826
979
827
967
828
958
827
952
826
944
827
941
826
933
824
925
823
919
823
908
824
897
833
886
832
880
841
871
850
873
864
864
866
854
871
854
884
852
890
844
898
847
908
837
915
834
928
827
933
829
943
824
947
819
951
821
953
817
958
814
962
812
963
812
963
809
967
809
962
804
966
804
966
803
974
800
978
796
978
798
978
799
973
801
969
800
967
798
959
807
957
816
950
818
945
822
938
825
936
826
934
825
924
835
915
834
906
842
903
832
895
837
882
840
876
844
874
853
866
863
870
871
869
872
873
884
868
893
866
902
862
909
863
915
862
937
867
945
868
958
875
980
882
994
884
1003
883
1013
879
1016
872
1019
871
1011
863
1011
861
1008
848
1006
846
1009
846
1014
836
1009
831
1010
829
1006
827
999
824
992
821
993
818
982
816
978
817
965
816
958
816
945
812
936
813
929
814
926
820
926
820
919
824
907
819
894
816
884
819
874
824
866
827
862
834
855
847
853
856
852
866
848
877
848
884
848
894
849
903
851
916
851
928
849
938
849
953
844
963
835
969
837
976
841
988
845
1001
860
1021
870
1023
891
1023
921
1023
937
1023
946
1023
955
1023
960
1023
966
1023
967
1023
969
1023
969
1023
967
1023
972
1023
990
1023
999
1023
1010
1023
1000
1023
964
1023
949
1023
941
1023
941
1023
937
1023
936
1008
936
1001
943
997
954
1013
1014
1023
1023
1023
1023
1023
966
958
1023
1023
1023
1023
1023
1023
840
1023
835
1023
841
1023
838
1012
840
1000
841
993
842
985
846
973
842
960
845
942
861
928
862
912
862
903
872
889
888
881
896
872
901
861
905
852
918
850
927
842
934
853
959
848
960
850
966
841
971
836
979
839
978
835
984
834
980
829
986
834
983
829
985
828
985
826
978
830
983
832
982
825
986
821
982
822
988
823
987
828
985
830
983
828
989
830
984
829
985
834
976
839
968
841
961
846
954
845
948
847
942
851
945
853
942
853
936
861
933
865
918
869
916
877
907
874
894
885
887
895
892
903
891
923
889
925
888
935
880
946
879
957
879
961
871
976
875
989
874
1002
879
1009
874
1019
873
1023
871
1023
873
1023
873
1023
874
1023
877
1023
874
1023
870
1023
869
1023
865
1023
864
1023
868
1023
869
1023
874
1023
877
1023
871
1023
870
1023
871
1023
867
1020
869
1002
866
991
862
980
863
984
898
976
897
972
893
964
893
956
894
946
897
936
878
923
882
913
894
903
901
905
914
900
922
889
935
887
943
889
951
888
960
885
969
883
978
873
1005
869
1015
866
1020
865
1023
859
1023
860
1023
857
1023
855
1023
852
1023
852
1023
908
1023
914
1023
913
1023
914
1023
911
1023
907
1023
904
1023
902
1023
907
1023
903
1023
905
1023
904
1023
899
1023
896
1023
901
1023
901
1023
900
1023
901
1023
904
1015
904
1010
906
1003
902
991
911
978
913
967
916
960
925
953
934
945
946
936
959
936
971
933
979
930
990
926
1001
920
1008
916
1017
918
1023
912
1023
902
1023
898
1023
893
1023
892
1023
888
1023
884
1023
883
1023
877
1023
881
1023
873
1023
851
1023
849
1023
850
1023
852
1023
840
1023
834
1023
825
1023
826
1014
825
1016
830
1009
827
1003
838
993
839
976
825
974
828
970
835
951
837
944
842
934
839
931
839
922
836
907
835
894
839
887
849
883
860
898
889
894
907
905
929
901
944
877
952
881
964
879
982
886
1001
882
1015
882
1023
878
1023
881
1023
881
1023
879
1023
876
1023
871
1023
858
1023
888
1023
883
1023
881
1023
827
932
709
893
674
861
663
875
674
896
682
891
688
883
672
847
639
741
494
629
494
630
522
662
563
678
587
691
597
697
610
714
632
725
643
727
648
729
655
725
659
720
649
716
663
717
677
708
679
699
683
677
674
649
670
634
670
643
714
668
756
672
729
612
671
546
614
499
575
456
561
422
545
398
523
402
573
445
650
522
738
590
777
604
800
602
779
592
790
615
825
641
856
669
891
700
929
735
969
776
999
818
1023
886
1023
975
1023
1023
1023
1023
1023
1000
1023
980
1023
960
1023
945
1023
938
1023
927
1016
914
974
858
908
804
846
763
780
709
727
668
689
667
671
664
658
663
652
679
671
725
717
798
768
842
790
867
796
888
821
935
857
982
915
1012
916
1023
923
1023
934
1023
942
1023
950
1023
957
1023
942
1023
1023
1023
1023
1023
1023
1023
1023
1023
1023
1023
1023
1023
1023
1023
1023
1023
1023
1023
1023
1023
1023
1023
1023
1023
1023
1023
1023
1023
1023
1023
1023
1023
1023
1023
1023
1023
1023
1023
1023
1023
1023
1023
1023
1023
1023
1023
1023
1023
1023
1023
1023
1023
1023
1023
1023
1023
1023
1023
1023
1023
1023
1023
1023
1023
1023
1023
1023
1023
1023
1023
1023
1023
1023
1023
1023
1023
1023
1023
1023
1023
1023
1023
1023
1023
1023
1023
1023
1023
1023
1023
1023
1023
1023
1023
1023
1023
1023
1023
1023
1023
1023
1023
1023
1023
1023
1023
1023
1023
1023
1023
1023
1023
1023
1023
1023
1023
1023
1023
1023
1023
1023
1023
1023
1023
1023
1023
1023
1023
1023
1023
1023
1023
1023
1023
1023
1023
1023
1023
1023
1023
1023
1023
1023
1023
1023
1023
1023
1023
1023
1023
1023
1023
1023
1023
1023
1023
1023
1023
1023
1023
1023
1023
1023
1023
1023
1023
1023
1023
1023
1023
1023
1023
1023
1023
1023
1023
1023
1023
1023
1023
1023
1023
1023
1023
1023
1023
1023
1023
1023
1023
1023
1023
1023
1023
1023
1023
1023
1023
1023
1023
1023
1023
1023
1023
1023
1023
1023
1023
1023
1023
1023
1023
1023
1023
1023
1023
1023
1023
1023
1023
1023
1023
1023
1023
1023
1023
1023
1023
1023
1023
1023
1023
1023
1023
1023
1023
1023
1023
1023
1023
1023
1023
1023
1023
1023
1023
1023
1023
1023
1023
1023
1023
1023
1023
1023
1023
1023
1023
1023
1023
1023
1023
1023
1023
1023
1023
1023
1023
1023
1023
1023
1023
1023
1023
1023
1023
1023
1023
1023
1023
1023
1023
1023
1023
1023
1023
1023
1023
1023
1023
1023
1023
1023
1023
1023
1023
1023
1023
1023
1023
1023
1023
1023
1023
1023
1023
1023
1023
1023
1023
1023
1023
1023
1023
1023
1023
1023
1023
1023
1023
1023
1023
1023
1023
1023
1023
1023
1023
1023
1023
1023
1023
1023
1023
1023
1023
1023
1023
1023
1023
1023
1023
1023
1023
1023
1023
1023
1023
1023
1023
1023
1023
1023
1023
1023
1023
1023
1023
1023
1023
1023
1023
1023
1023
1023
1023
1023
1023
1023
1023
1023
1023
1023
1023
1023
1023
1023
1023
1023
1023
1023
1023
1023
1023
1023
1023
1023
1023
1023
1023
1023
1023
1023
1023
1023
1023
1023
1023
1023
1023
1023
1023
1023
1023
1023
1023
1023
1023
1023
1023
1023
1023
1023
1023
1023
1023
1023
1023
1023
1023
1023
1023
1023
1023
1023
1023
1023
1023
1023
1023
1023
1023
1023
1023
1023
1023
1023
1023
1023
1023
1023
1023
1023
1023
1023
1023
1023
1023
1023
1023
1023
1023
1023
1023
1023
1023
1023
1023
1023
1023
1023
1023
1023
1023
1023
1023
1023
1023
1023
1023
1023
1023
1023
1023
1023
1023
1023
1023
1023
1023
1023
1023
1023
1023
1023
1023
1023
1023
1023
1023
1023
1023
1023
1023
1023
1023
1023
1023
1023
1023
1023
1023
1023
1023
1023
1023
1023
1023
1023
1023
1023
1023
1023
1023
1023
1023
1023
1023
1023
1023
1023
1023
1023
1023
1023
1023
1023
1023
1023
1023
1023
1023
1023
1023
1023
1023
1023
1023
1023
1023
1023
1023
1023
1023
1023
1023
1023
1023
1023
1023
1023
1023
1023
1023
1023
1023
1023
1023
1023
1023
1023
1023
1023
1023
1023
1023
1023
1023
1023
1023
1023
1023
1023
1023
1023
1023
1023
1023
1023
1023
1023
1023
1023
1023
1023
1023
1023
1023
1023
1023
1023
1023
1023
1023
1023
1023
1023
1023
1023
1023
1023
1023
1023
1023
1023
1023
1023
1023
1023
1023
1023
1023
1023
1023
1023
1023
1023
1023
1023
1023
1023
1023
1023
1023
1023
1023
1023
1023
1023
1023
1023
1023
1023
1023
1023
1023
1023
1023
1023
1023
1023
1023
1023
1023
1023
1023
1023
1023
1023
1023
1023
1023
1023
1023
1023
1023
1023
1023
1023
1023
1023
1023
1023
1023
1023
1023
1023
1023
1023
1023
1023
1023
1023
1023
1023
1023
1023
1023
1018
1023
1014
1023
1012
1023
1010
1023
1010
1023
1006
1023
1005
1023
1002
1023
998
1023
992
1023
987
1023
981
1023
982
1023
983
1023
979
1023
980
1023
976
1023
974
1023
970
1023
968
1023
970
1023
972
1023
972
1023
966
1023
967
1023
973
1023
968
1023
967
1023
972
1023
974
1023
996
1023
1015
1023
1023
1023
1023
1023
1023
1023
1023
1023
1023
1023
1023
1019
1023
1023
1023
1022
1023
1018
1023
1011
1023
999
1023
982
1023
970
1023
968
1023
963
1023
963
1023
964
1023
963
1023
963
1023
964
1023
968
1023
967
1023
968
1023
972
1023
974
1023
969
1023
972
1023
976
1023
976
1023
971
1023
975
1023
978
1023
979
1023
980
1023
981
1023
979
1023
980
1023
980
1023
980
1023
980
1023
990
1023
993
1023
1010
1023
1023
1023
1023
1023
1023
1023
1023
1003
1023
1001
1023
990
1023
977
1023
971
1023
964
1023
965
1023
967
1023
962
1023
959
1023
955
1023
975
1023
980
1023
979
1023
983
1023
1014
1023
1023
1023
1023
1023
1023
1023
1023
1023
1023
1023
1023
1023
1023
1023
1021
1023
1023
1023
1023
1023
1023
1023
1023
1023
1023
1023
1023
1023
1023
1023
1023
1023
1023
1023
1023
1023
1023
1023
1023
1023
1023
1023
1023
1023
1023
1023
1023
1023
1023
1023
1023
1023
1023
1023
1023
1023
1023
1023
1023
1023
1023
1023
1023
1023
1023
1023
1023
1023
1023
1023
1023
1023
1023
1023
1023
1020
1023
1019
1023
1006
1023
1002
1023
987
1023
985
1023
979
1023
994
1023
1014
1023
1017
1023
1018
1023
1020
1023
1018
1023
1013
1023
1011
1023
998
1023
993
1023
989
1023
988
1023
994
1023
997
1023
1000
1023
1002
1023
1010
1023
1008
1023
1002
1023
995
1023
1004
1023
1003
1023
1014
1023
1011
1023
1001
1023
995
1023
992
1018
996
1010
1019
1023
1023
1013
1023
1005
1023
999
1023
994
1023
994
1023
985
1023
983
1023
980
1023
1023
1023
1023
1023
1023
1023
1023
1023
1023
1023
1019
1023
1023
1023
1020
1023
1017
1023
1011
1023
1012
1023
1013
1023
1005
1023
1013
1023
1005
1023
999
1023
1000
1023
990
1023
982
1023
979
1023
974
1023
976
1023
973
1023
979
1023
982
1023
981
1023
973
1023
972
1023
975
1023
970
1023
977
1023
983
1023
987
1023
987
1021
992
1013
996
1002
1010
1002
1021
992
1023
975
1012
955
1013
979
1023
980
1023
979
1023
982
1023
981
1023
985
1023
982
1023
983
1023
987
1023
984
1023
971
1023
964
1023
966
1023
959
1023
956
1023
945
1023
941
1023
935
1023
950
1023
957
1023
959
1023
964
1023
969
1023
973
1023
978
1023
988
1023
1000
1023
1007
1023
1018
1023
1022
1023
1019
1023
1023
1023
1013
1023
1004
1023
990
1023
1000
1023
1012
1023
1019
1023
1023
1023
1023
1023
1023
1023
1023
1023
1023
1023
1023
