-3.7000000000000002 -4.2e-07 5.0008399999999995e-08 0.028500000000000004
-3.8599999999999999 -3.9e-07 5.0007799999999996e-08 0.0293
-4.5099999999999998 -4.6000000000000001e-07 5.0009199999999999e-08 0.032550000000000003
-5.0999999999999996 -5.1999999999999996e-07 5.0010399999999998e-08 0.035499999999999997
-6.3200000000000003 -6.3999999999999996e-07 5.0012799999999995e-08 0.041600000000000005
-8.4100000000000001 -8.4999999999999996e-07 5.0016999999999997e-08 0.052050000000000006
-10.25 -1.0399999999999999e-06 5.0020799999999998e-08 0.061249999999999999
-13.51 -1.3600000000000001e-06 5.0027199999999999e-08 0.077549999999999994
-15.48 -1.56e-06 5.0031199999999997e-08 0.087399999999999992
-16.719999999999999 -1.69e-06 5.0033799999999999e-08 0.093599999999999989
-21.100000000000001 -2.1299999999999999e-06 5.0042599999999998e-08 0.20550000000000002
-26.5 -2.6799999999999998e-06 5.0053599999999998e-08 0.23250000000000001
-29.800000000000001 -3.0100000000000002e-06 5.0060199999999997e-08 0.249
0.0097799999999999988 0.0 0.0 0.0049299999999999995
0.019559999999999998 0.0 0.0 0.0049699999999999996
0.034229999999999997 0.0 0.0 0.0050299999999999997
0.048899999999999992 -1.490853658536585e-06 -1.3635856632956569e-08 0.005089999999999999
0.058679999999999996 1.4908536585365829e-06 1.3635856632956551e-08 0.0051299999999999991
0.083129999999999996 -1.4908536585365871e-06 -1.3635856632956589e-08 0.0052299999999999994
0.097799999999999984 0.0 0.0 0.0052899999999999996
0.11246999999999999 0.0 0.0 0.0053499999999999989
0.14180999999999999 -2.9817073170731743e-06 -2.7271713265913178e-08 0.0054699999999999992
0.15158999999999997 0.0 0.0 0.0055099999999999993
0.17114999999999997 0.0 0.0 0.0055899999999999995
0.18581999999999999 0.0 0.0 0.0056499999999999988
0.20537999999999998 1.4908536585365871e-06 1.3635856632956589e-08 0.005729999999999999
0.22493999999999997 0.0 0.0 0.0058099999999999992
0.24449999999999997 0.0 0.0 0.0058900000000000003
0.25916999999999996 1.4908536585365871e-06 1.3635856632956589e-08 0.0059499999999999996
0.27872999999999998 0.0 0.0 0.0060299999999999989
0.29828999999999994 1.4908536585365871e-06 1.3635856632956589e-08 0.00611
0.31784999999999997 0.0 0.0 0.0061899999999999993
0.33251999999999998 2.9817073170731573e-06 2.7271713265913022e-08 0.0062500000000000003
0.34718999999999994 4.472560975609761e-06 4.0907569898869765e-08 0.0063099999999999996
0.35696999999999995 5.9634146341463485e-06 5.4543426531826356e-08 0.0063499999999999989
0.37652999999999998 5.9634146341463316e-06 5.4543426531826204e-08 0.0064300000000000008
0.38630999999999993 8.945121951219522e-06 8.181513979773953e-08 0.0064699999999999992
0.39608999999999994 1.192682926829268e-05 1.0908685306365255e-07 0.0065099999999999984
0.41075999999999996 1.3417682926829266e-05 1.2272270969660914e-07 0.0065699999999999986
0.41564999999999996 1.6399390243902439e-05 1.499944229625223e-07 0.0065899999999999995
0.42542999999999992 1.9381097560975615e-05 1.7726613622843548e-07 0.0066299999999999996
0.42542999999999992 2.3853658536585377e-05 2.1817370612730526e-07 0.0066299999999999996
0.44009999999999994 2.6835365853658532e-05 2.4544541939321829e-07 0.0066899999999999998
0.44009999999999994 3.1307926829268278e-05 2.8635298929208789e-07 0.0066899999999999998
0.44987999999999995 3.2798780487804879e-05 2.999888459250446e-07 0.0067299999999999999
0.45476999999999995 3.7271341463414642e-05 3.4089641582391441e-07 0.0067499999999999999
0.45965999999999996 4.174390243902437e-05 3.8180398572278385e-07 0.00677
0.45965999999999996 4.6216463414634147e-05 4.2271155562165377e-07 0.00677
0.46943999999999997 4.9198170731707288e-05 4.499832688875666e-07 0.0068100000000000001
0.46943999999999997 5.3670731707317064e-05 4.9089083878643657e-07 0.0068100000000000001
0.47432999999999992 5.6652439024390239e-05 5.1816255205234968e-07 0.0068299999999999993
0.47432999999999992 6.1124999999999981e-05 5.5907012195121928e-07 0.0068299999999999993
0.47921999999999992 6.7088414634146345e-05 6.136135484830458e-07 0.0068499999999999993
0.48410999999999993 6.8579268292682933e-05 6.272494051160024e-07 0.0068700000000000002
0.48410999999999993 7.4542682926829256e-05 6.817928316478285e-07 0.0068700000000000002
0.48899999999999993 7.9015243902439005e-05 7.227004015466982e-07 0.0068899999999999994
0.48899999999999993 8.3487804878048754e-05 7.636079714455678e-07 0.0068899999999999994
0.49388999999999994 8.6469512195121943e-05 7.9087968471148112e-07 0.0069099999999999995
0.49388999999999994 9.3923780487804867e-05 8.5905896787626392e-07 0.0069099999999999995
0.49877999999999995 9.5414634146341455e-05 8.7269482450922053e-07 0.0069299999999999995
0.49877999999999995 0.0001013780487804878 9.2723825104104694e-07 0.0069299999999999995
0.49877999999999995 0.00010585060975609754 9.6814582093991654e-07 0.0069299999999999995
0.50366999999999995 0.0001103231707317073 1.0090533908387861e-06 0.0069499999999999996
0.50366999999999995 0.00011479573170731705 1.049960960737656e-06 0.0069499999999999996
0.50366999999999995 0.00011777743902439023 1.0772326740035692e-06 0.0069499999999999996
0.5085599999999999 0.00012523170731707317 1.145411957168352e-06 0.0069699999999999996
0.5085599999999999 0.00012672256097560975 1.1590478138013086e-06 0.0069699999999999996
0.51344999999999996 0.00013119512195121949 1.1999553837001782e-06 0.0069900000000000006
0.51344999999999996 0.00013715853658536584 1.2544988102320046e-06 0.0069900000000000006
0.51344999999999996 0.00014163109756097557 1.295406380130874e-06 0.0069900000000000006
0.51833999999999991 0.00014461280487804875 1.3226780933967872e-06 0.0070099999999999989
0.51344999999999996 0.00015206707317073171 1.3908573765615704e-06 0.0069900000000000006
0.51833999999999991 0.00015504878048780489 1.4181290898274836e-06 0.0070099999999999989
0.51833999999999991 0.00015952134146341462 1.4590366597263532e-06 0.0070099999999999989
0.51833999999999991 0.00016399390243902436 1.4999442296252228e-06 0.0070099999999999989
0.52322999999999997 0.00016995731707317071 1.554487656157049e-06 0.0070299999999999998
0.52811999999999992 0.00017293902439024389 1.5817593694229622e-06 0.007049999999999999
0.52322999999999997 0.00017741158536585359 1.6226669393218316e-06 0.0070299999999999998
0.52811999999999992 0.00018337499999999997 1.6772103658536582e-06 0.007049999999999999
0.52811999999999992 0.00018784756097560973 1.7181179357525278e-06 0.007049999999999999
0.52811999999999992 0.00019232012195121947 1.7590255056513974e-06 0.007049999999999999
0.52811999999999992 0.00019679268292682921 1.799933075550267e-06 0.007049999999999999
0.53300999999999998 0.00020126524390243897 1.8408406454491369e-06 0.0070700000000000008
0.53300999999999998 0.0002057378048780487 1.8817482153480062e-06 0.0070700000000000008
0.53300999999999998 0.00021021036585365852 1.9226557852468765e-06 0.0070700000000000008
0.53789999999999993 0.00021617378048780484 1.9771992117787029e-06 0.0070899999999999999
0.53300999999999998 0.00022064634146341461 2.0181067816775723e-06 0.0070700000000000008
0.53300999999999998 0.00022511890243902434 2.0590143515764421e-06 0.0070700000000000008
0.53789999999999993 0.00023108231707317075 2.1135577781082689e-06 0.0070899999999999999
0.53789999999999993 0.00023406402439024387 2.1408294913741817e-06 0.0070899999999999999
0.54278999999999988 0.00023704573170731704 2.1681012046400949e-06 0.0071099999999999991
0.53789999999999993 0.00024449999999999998 2.2362804878048775e-06 0.0070899999999999999
0.53789999999999993 0.00024897256097560969 2.2771880577037469e-06 0.0070899999999999999
0.54278999999999988 0.00025195426829268286 2.3044597709696601e-06 0.0071099999999999991
0.54278999999999988 0.00025791768292682921 2.3590031975014865e-06 0.0071099999999999991
0.53789999999999993 0.00026537195121951215 2.4271824806662696e-06 0.0070899999999999999
0.54767999999999994 0.00026537195121951221 2.42718248066627e-06 0.0071300000000000001
0.54278999999999988 0.00027133536585365856 2.4817259071980964e-06 0.0071099999999999991
0.54278999999999988 0.00027878963414634144 2.549905190362879e-06 0.0071099999999999991
0.54767999999999994 0.00028177134146341461 2.5771769036287922e-06 0.0071300000000000001
0.54767999999999994 0.00028475304878048779 2.6044486168947054e-06 0.0071300000000000001
0.54278999999999988 0.00029369817073170732 2.6862637566924446e-06 0.0071099999999999991
0.54767999999999994 0.00029667987804878049 2.7135354699583578e-06 0.0071300000000000001
0.54767999999999994 0.0003011524390243902 2.7544430398572272e-06 0.0071300000000000001
0.55256999999999989 0.00030413414634146337 2.7817147531231404e-06 0.0071499999999999992
0.55256999999999989 0.00031009756097560967 2.8362581796549664e-06 0.0071499999999999992
0.55256999999999989 0.00031457012195121949 2.8771657495538366e-06 0.0071499999999999992
0.55256999999999989 0.00031755182926829272 2.9044374628197503e-06 0.0071499999999999992
0.55256999999999989 0.0003250060975609756 2.9726167459845329e-06 0.0071499999999999992
0.55256999999999989 0.00032947865853658525 3.0135243158834014e-06 0.0071499999999999992
0.55256999999999989 0.00033395121951219507 3.0544318857822716e-06 0.0071499999999999992
0.55745999999999996 0.00033842378048780478 3.095339455681141e-06 0.0071700000000000002
0.55745999999999996 0.0003428963414634146 3.1362470255800113e-06 0.0071700000000000002
0.55745999999999996 0.00034587804878048777 3.1635187388459245e-06 0.0071700000000000002
0.56234999999999991 0.00035184146341463412 3.2180621653777509e-06 0.0071899999999999993
0.55745999999999996 0.00035929573170731706 3.2862414485425339e-06 0.0071700000000000002
0.56234999999999991 0.00036078658536585365 3.2998773051754905e-06 0.0071899999999999993
0.56234999999999991 0.00036525914634146336 3.3407848750743599e-06 0.0071899999999999993
0.56234999999999991 0.00037271341463414629 3.4089641582391429e-06 0.0071899999999999993
0.56234999999999991 0.00037569512195121947 3.4362358715050557e-06 0.0071899999999999993
0.56234999999999991 0.00038016768292682918 3.4771434414039251e-06 0.0071899999999999993
0.56234999999999991 0.00038762195121951217 3.5453227245687085e-06 0.0071899999999999993
0.56723999999999997 0.0003891128048780487 3.5589585812016647e-06 0.0072100000000000003
0.56234999999999991 0.00039507621951219511 3.6135020077334915e-06 0.0071899999999999993
0.56723999999999997 0.00039954878048780487 3.6544095776323614e-06 0.0072100000000000003
0.56723999999999997 0.00040402134146341458 3.6953171475312307e-06 0.0072100000000000003
0.56723999999999997 0.00040849390243902434 3.7362247174301006e-06 0.0072100000000000003
0.56723999999999997 0.00041445731707317069 3.790768143961927e-06 0.0072100000000000003
0.56723999999999997 0.00042042073170731704 3.845311570493753e-06 0.0072100000000000003
0.57212999999999992 0.00042191158536585363 3.85894742712671e-06 0.0072300000000000003
0.56723999999999997 0.00042787499999999992 3.9134908536585356e-06 0.0072100000000000003
0.56723999999999997 0.00043532926829268286 3.981670136823319e-06 0.0072100000000000003
0.56723999999999997 0.00043980182926829262 4.0225777067221884e-06 0.0072100000000000003
0.56723999999999997 0.0004427835365853658 4.0498494199881016e-06 0.0072100000000000003
0.56723999999999997 0.0004487469512195121 4.1043928465199272e-06 0.0072100000000000003
0.57212999999999992 0.00045471036585365839 4.1589362730517536e-06 0.0072300000000000003
0.57212999999999992 0.00045769207317073157 4.1862079863176668e-06 0.0072300000000000003
0.57212999999999992 0.00046216463414634138 4.227115556216537e-06 0.0072300000000000003
0.57701999999999998 0.00046812804878048768 4.2816589827483626e-06 0.0072500000000000004
0.57212999999999992 0.0004726006097560975 4.3225665526472328e-06 0.0072300000000000003
0.57212999999999992 0.00047707317073170715 4.3634741225461014e-06 0.0072300000000000003
0.57701999999999998 0.00048154573170731697 4.4043816924449716e-06 0.0072500000000000004
0.57212999999999992 0.00048750914634146326 4.458925118976798e-06 0.0072300000000000003
0.57701999999999998 0.00048899999999999985 4.4725609756097542e-06 0.0072500000000000004
0.57701999999999998 0.00049645426829268279 4.5407402587745376e-06 0.0072500000000000004
0.57701999999999998 0.00050241768292682914 4.5952836853063641e-06 0.0072500000000000004
0.57701999999999998 0.00050539939024390242 4.6225553985722781e-06 0.0072500000000000004
0.57701999999999998 0.00051136280487804866 4.6770988251041037e-06 0.0072500000000000004
0.57701999999999998 0.00051732621951219512 4.7316422516359309e-06 0.0072500000000000004
0.57701999999999998 0.00052030792682926819 4.7589139649018433e-06 0.0072500000000000004
0.57701999999999998 0.00052478048780487795 4.7998215348007127e-06 0.0072500000000000004
0.58190999999999993 0.00052925304878048772 4.8407291046995821e-06 0.0072699999999999996
0.57701999999999998 0.00053670731707317065 4.9089083878643655e-06 0.0072500000000000004
0.58190999999999993 0.00053819817073170724 4.9225442444973217e-06 0.0072699999999999996
0.57701999999999998 0.00054565243902439018 4.9907235276621051e-06 0.0072500000000000004
0.58190999999999993 0.00055161585365853653 5.0452669541939316e-06 0.0072699999999999996
0.57701999999999998 0.0005545975609756096 5.0725386674598439e-06 0.0072500000000000004
0.58190999999999993 0.00055907012195121936 5.1134462373587133e-06 0.0072699999999999996
0.58190999999999993 0.00056503353658536582 5.1679896638905406e-06 0.0072699999999999996
0.58190999999999993 0.00056801524390243899 5.1952613771564538e-06 0.0072699999999999996
0.58190999999999993 0.00057248780487804865 5.2361689470553223e-06 0.0072699999999999996
0.58679999999999988 0.0005784512195121951 5.2907123735871504e-06 0.0072899999999999987
0.58679999999999988 0.00058292378048780487 5.3316199434860198e-06 0.0072899999999999987
0.58190999999999993 0.00058590548780487793 5.3588916567519322e-06 0.0072699999999999996
0.58190999999999993 0.00059485060975609746 5.4407067965496718e-06 0.0072699999999999996
0.58190999999999993 0.00059932317073170722 5.4816143664485412e-06 0.0072699999999999996
0.58679999999999988 0.00060081402439024381 5.4952502230814982e-06 0.0072899999999999987
0.58679999999999988 0.00060677743902439027 5.5497936496133255e-06 0.0072899999999999987
0.58679999999999988 0.00061274085365853651 5.6043370761451511e-06 0.0072899999999999987
0.58679999999999988 0.00061572256097560969 5.6316087894110643e-06 0.0072899999999999987
0.58679999999999988 0.00062168597560975614 5.6861522159428915e-06 0.0072899999999999987
0.58679999999999988 0.00062764939024390239 5.7406956424747162e-06 0.0072899999999999987
0.58679999999999988 0.00063212195121951226 5.7816032123735873e-06 0.0072899999999999987
0.58679999999999988 0.00063510365853658532 5.8088749256394997e-06 0.0072899999999999987
0.58679999999999988 0.00064255792682926826 5.8770542088042823e-06 0.0072899999999999987
0.58679999999999988 0.00064703048780487802 5.9179617787031525e-06 0.0072899999999999987
0.59168999999999994 0.00064852134146341461 5.9315976353361087e-06 0.0073100000000000005
0.59168999999999994 0.00065448475609756085 5.9861410618679343e-06 0.0073100000000000005
0.59168999999999994 0.00066044817073170731 6.0406844883997615e-06 0.0073100000000000005
0.58679999999999988 0.00066641158536585355 6.0952279149315871e-06 0.0072899999999999987
0.59168999999999994 0.00066939329268292673 6.1224996281975003e-06 0.0073100000000000005
0.59168999999999994 0.00067684756097560967 6.1906789113622829e-06 0.0073100000000000005
0.59168999999999994 0.00067982926829268284 6.2179506246281961e-06 0.0073100000000000005
0.59168999999999994 0.00068430182926829271 6.2588581945270672e-06 0.0073100000000000005
0.59168999999999994 0.00068877439024390237 6.2997657644259357e-06 0.0073100000000000005
0.59168999999999994 0.0006962286585365852 6.3679450475907175e-06 0.0073100000000000005
0.59168999999999994 0.00069771951219512189 6.3815809042236754e-06 0.0073100000000000005
0.59657999999999989 0.00070368292682926824 6.4361243307555018e-06 0.0073299999999999997
0.59657999999999989 0.0007081554878048779 6.4770319006543703e-06 0.0073299999999999997
0.59657999999999989 0.00071262804878048777 6.5179394705532414e-06 0.0073299999999999997
0.59168999999999994 0.00071859146341463401 6.572482897085067e-06 0.0073100000000000005
0.59657999999999989 0.00072306402439024388 6.6133904669839372e-06 0.0073299999999999997
0.59657999999999989 0.00072753658536585354 6.6542980368828066e-06 0.0073299999999999997
0.59168999999999994 0.00073349999999999989 6.708841463414633e-06 0.0073100000000000005
0.59168999999999994 0.00073946341463414624 6.7633848899464594e-06 0.0073100000000000005
0.59657999999999989 0.000743935975609756 6.8042924598453288e-06 0.0073299999999999997
0.59657999999999989 0.00074691768292682928 6.8315641731112429e-06 0.0073299999999999997
0.59657999999999989 0.00075139024390243894 6.8724717430101114e-06 0.0073299999999999997
0.59657999999999989 0.00075884451219512177 6.940651026174894e-06 0.0073299999999999997
0.59657999999999989 0.00076182621951219505 6.967922739440808e-06 0.0073299999999999997
0.59657999999999989 0.0007677896341463414 7.0224661659726345e-06 0.0073299999999999997
0.60146999999999995 0.00077077134146341447 7.0497378792385468e-06 0.0073500000000000006
0.59657999999999989 0.00077822560975609751 7.1179171624033303e-06 0.0073299999999999997
0.59657999999999989 0.00078120731707317058 7.1451888756692426e-06 0.0073299999999999997
0.59657999999999989 0.00078717073170731704 7.1997323022010699e-06 0.0073299999999999997
0.60146999999999995 0.0007901524390243901 7.2270040154669822e-06 0.0073500000000000006
0.59657999999999989 0.00079462499999999987 7.2679115853658516e-06 0.0073299999999999997
0.60146999999999995 0.00080058841463414622 7.3224550118976781e-06 0.0073500000000000006
0.59657999999999989 0.00080655182926829257 7.3769984384295045e-06 0.0073299999999999997
0.60146999999999995 0.00080953353658536574 7.4042701516954177e-06 0.0073500000000000006
0.59657999999999989 0.00081549695121951209 7.4588135782272441e-06 0.0073299999999999997
0.60146999999999995 0.00082146036585365844 7.5133570047590705e-06 0.0073500000000000006
0.60146999999999995 0.00082593292682926821 7.5542645746579407e-06 0.0073500000000000006
0.60146999999999995 0.00083040548780487797 7.5951721445568101e-06 0.0073500000000000006
0.60146999999999995 0.00083487804878048762 7.6360797144556795e-06 0.0073500000000000006
0.60146999999999995 0.00084084146341463408 7.6906231409875059e-06 0.0073500000000000006
0.60146999999999995 0.00084233231707317067 7.7042589976204638e-06 0.0073500000000000006
0.60146999999999995 0.00084978658536585361 7.7724382807852464e-06 0.0073500000000000006
0.60146999999999995 0.00085425914634146326 7.8133458506841149e-06 0.0073500000000000006
0.6063599999999999 0.00085724085365853644 7.8406175639500273e-06 0.0073699999999999998
0.6063599999999999 0.00086171341463414631 7.8815251338488992e-06 0.0073699999999999998
0.6063599999999999 0.00086767682926829255 7.936068560380724e-06 0.0073699999999999998
0.6063599999999999 0.0008736402439024389 7.9906119869125504e-06 0.0073699999999999998
0.60146999999999995 0.00087811280487804866 8.0315195568114206e-06 0.0073500000000000006
0.6063599999999999 0.00088407621951219501 8.086062983343247e-06 0.0073699999999999998
0.60146999999999995 0.00089003963414634136 8.1406064098750734e-06 0.0073500000000000006
0.6063599999999999 0.00089153048780487795 8.1542422665080296e-06 0.0073699999999999998
0.6063599999999999 0.00089749390243902419 8.2087856930398543e-06 0.0073699999999999998
0.60146999999999995 0.00090494817073170724 8.2769649762046386e-06 0.0073500000000000006
0.6063599999999999 0.00090643902439024372 8.2906008328375948e-06 0.0073699999999999998
0.6063599999999999 0.00091240243902439007 8.3451442593694212e-06 0.0073699999999999998
0.6063599999999999 0.00091687499999999994 8.3860518292682915e-06 0.0073699999999999998
0.6063599999999999 0.00092283841463414618 8.4405952558001162e-06 0.0073699999999999998
0.6063599999999999 0.00092731097560975605 8.4815028256989881e-06 0.0073699999999999998
0.6063599999999999 0.00093327439024390229 8.5360462522308128e-06 0.0073699999999999998
0.6063599999999999 0.00093774695121951206 8.5769538221296831e-06 0.0073699999999999998
0.6063599999999999 0.00094221951219512182 8.6178613920285533e-06 0.0073699999999999998
0.6063599999999999 0.00094669207317073158 8.6587689619274218e-06 0.0073699999999999998
0.6063599999999999 0.00095116463414634124 8.6996765318262921e-06 0.0073699999999999998
0.6063599999999999 0.00095712804878048769 8.7542199583581185e-06 0.0073699999999999998
0.6063599999999999 0.00096160060975609735 8.795127528256987e-06 0.0073699999999999998
0.61124999999999996 0.00096607317073170722 8.836035098155859e-06 0.0073900000000000007
0.6063599999999999 0.00097203658536585346 8.8905785246876837e-06 0.0073699999999999998
0.61124999999999996 0.00097501829268292664 8.917850237953596e-06 0.0073900000000000007
0.61124999999999996 0.00098098170731707288 8.9723936644854225e-06 0.0073900000000000007
0.61124999999999996 0.00098545426829268275 9.0133012343842927e-06 0.0073900000000000007
0.61124999999999996 0.00098992682926829262 9.0542088042831629e-06 0.0073900000000000007
0.61124999999999996 0.00099589024390243875 9.1087522308149876e-06 0.0073900000000000007
0.6063599999999999 0.0010003628048780486 9.1496598007138596e-06 0.0073699999999999998
0.61124999999999996 0.0010033445121951218 9.1769315139797719e-06 0.0073900000000000007
0.61124999999999996 0.0010093079268292682 9.2314749405115984e-06 0.0073900000000000007
0.61613999999999991 0.0010122896341463413 9.2587466537775124e-06 0.0074099999999999991
0.61613999999999991 0.0010182530487804877 9.3132900803093371e-06 0.0074099999999999991
0.61124999999999996 0.001024216463414634 9.3678335068411635e-06 0.0073900000000000007
0.61124999999999996 0.0010301798780487804 9.42237693337299e-06 0.0073900000000000007
0.61124999999999996 0.0010331615853658533 9.4496486466389023e-06 0.0073900000000000007
0.61124999999999996 0.0010391249999999999 9.5041920731707304e-06 0.0073900000000000007
0.61124999999999996 0.0010435975609756096 9.545099643069599e-06 0.0073900000000000007
0.61124999999999996 0.0010495609756097559 9.5996430696014254e-06 0.0073900000000000007
0.61613999999999991 0.0010525426829268291 9.6269147828673377e-06 0.0074099999999999991
0.61124999999999996 0.0010599969512195119 9.6950940660321203e-06 0.0073900000000000007
0.61613999999999991 0.0010614878048780488 9.7087299226650799e-06 0.0074099999999999991
0.61613999999999991 0.0010674512195121952 9.7632733491969063e-06 0.0074099999999999991
0.61613999999999991 0.0010719237804878048 9.8041809190957749e-06 0.0074099999999999991
0.61613999999999991 0.0010778871951219512 9.8587243456276013e-06 0.0074099999999999991
0.61613999999999991 0.0010823597560975608 9.8996319155264698e-06 0.0074099999999999991
0.61613999999999991 0.0010868323170731707 9.9405394854253418e-06 0.0074099999999999991
0.76100000000000001 0.015299999999999999 8.6500000000000002e-05 0.0048050000000000002
0.82399999999999995 0.037699999999999997 0.00055239999999999998 0.0051199999999999996
0.86899999999999999 0.0654 0.00088480000000000004 0.0053449999999999999
0.90200000000000002 0.090300000000000005 0.0011835999999999999 0.0055100000000000001
0.93100000000000005 0.1207 0.0015483999999999999 0.0056550000000000003
0.95899999999999996 0.15140000000000001 0.0019168000000000002 0.0057949999999999998
0.98099999999999998 0.17100000000000001 0.0021519999999999998 0.0059049999999999997
1.04 0.248 0.0039760000000000004 0.0061999999999999998
1.048 0.26100000000000001 0.0041320000000000003 0.0062399999999999999
1.0109999999999999 0.22 0.00364 0.0060549999999999996
1.0189999999999999 0.22900000000000001 0.003748 0.0060949999999999997
1.073 0.28499999999999998 0.0044200000000000003 0.006365
1.0580000000000001 0.27400000000000002 0.0042880000000000001 0.0062900000000000005
1.0760000000000001 0.29899999999999999 0.0045880000000000001 0.0063800000000000003
1.1120000000000001 0.33000000000000002 0.00496 0.0065600000000000007
1.1220000000000001 0.35599999999999998 0.0052719999999999998 0.0066100000000000004
